296.277471	822.468929	0.000000	364.503080	-0.000587
298.940665	822.468934	0.000000	364.503078	0.005852
298.060433	822.468979	5252.000000	364.503058	0.008427
298.566318	822.469031	5066.000000	364.503035	0.007139
298.191630	822.469102	4682.000000	364.503004	0.004564
298.773705	822.469160	4304.000000	364.502978	-0.000587
300.975228	822.469222	3732.000000	364.502950	-0.000587
302.208600	822.469275	3490.000000	364.502927	0.003276
301.960660	822.469324	2978.000000	364.502905	-0.001874
300.514838	822.469373	2672.000000	364.502883	0.001989
301.657518	822.469429	2152.000000	364.502859	0.004564
300.016968	822.469482	1848.000000	364.502835	0.001989
300.499376	822.469551	1436.000000	364.502805	-0.000587
301.657460	822.469623	1136.000000	364.502773	0.004564
300.599462	822.469685	856.000000	364.502745	-0.001874
303.466272	822.469746	668.000000	364.502718	0.000701
301.684967	822.469801	542.000000	364.502694	0.004564
300.987024	822.469848	362.000000	364.502673	0.008427
298.337004	822.469903	312.000000	364.502649	-0.001874
299.147079	822.469963	268.000000	364.502622	-0.001874
301.038528	822.470019	130.000000	364.502597	0.000701
299.569287	822.470091	132.000000	364.502565	0.005852
300.196971	822.470155	76.000000	364.502537	0.009715
299.030771	822.470209	108.000000	364.502513	0.004564
298.544809	822.470265	92.000000	364.502488	0.001989
301.438660	822.470297	64.000000	364.502474	0.005852
298.885845	822.470257	64.000000	364.502492	0.005852
300.893834	822.470208	70.000000	364.502513	0.000701
301.287358	822.470147	48.000000	364.502540	0.008427
299.364264	822.470091	82.000000	364.502565	0.003276
300.686937	822.470016	116.000000	364.502598	0.007139
302.813700	822.469954	140.000000	364.502626	0.003276
301.918894	822.469901	226.000000	364.502649	0.007139
300.786729	822.469846	268.000000	364.502674	-0.001874
300.711836	822.469797	304.000000	364.502695	0.008427
301.223405	822.469750	524.000000	364.502716	0.005852
300.810212	822.469686	688.000000	364.502745	0.009715
299.352188	822.469619	770.000000	364.502774	-0.001874
300.188499	822.469548	1028.000000	364.502806	-0.000587
300.044022	822.469484	1414.000000	364.502834	0.004564
301.656705	822.469423	1830.000000	364.502861	0.004564
302.809694	822.469369	2162.000000	364.502885	0.003276
301.724575	822.469322	2576.000000	364.502906	-0.000587
300.838824	822.469267	2948.000000	364.502930	-0.001874
299.121659	822.469218	3412.000000	364.502952	-0.000587
299.688694	822.469153	3798.000000	364.502981	-0.000587
300.798207	822.469082	4366.000000	364.503012	0.003276
299.009094	822.469020	4544.000000	364.503040	0.004564
299.853659	822.468962	5080.000000	364.503066	0.005852
303.131032	822.468906	5266.000000	364.503090	0.003276
302.984684	822.468858	5274.000000	364.503112	0.001989
301.981076	822.468803	5590.000000	364.503136	-0.000587
299.123989	822.468744	5388.000000	364.503162	0.001989
298.683575	822.468667	5160.000000	364.503196	0.004564
299.092367	822.468589	4596.000000	364.503231	0.005852
300.196112	822.468527	4112.000000	364.503258	0.004564
299.691967	822.468472	3608.000000	364.503283	0.001989
297.999800	822.468420	3236.000000	364.503306	0.000701
298.718038	822.468365	2842.000000	364.503330	0.004564
299.116334	822.468307	2376.000000	364.503356	0.003276
297.943210	822.468231	1912.000000	364.503390	-0.001874
298.632255	822.468159	1456.000000	364.503421	0.007139
298.798632	822.468090	1068.000000	364.503452	-0.000587
299.052276	822.468034	834.000000	364.503477	0.005852
300.361614	822.467978	634.000000	364.503502	-0.000587
299.092913	822.467926	500.000000	364.503525	0.003276
297.522430	822.467871	400.000000	364.503549	0.007139
299.098554	822.467803	310.000000	364.503579	0.001989
298.123349	822.467734	162.000000	364.503610	0.004564
297.202544	822.467657	134.000000	364.503644	0.000701
295.437815	822.467589	94.000000	364.503674	0.007139
296.840875	822.467536	114.000000	364.503697	-0.001874
300.528733	822.467477	90.000000	364.503724	0.007139
298.163183	822.467420	100.000000	364.503749	0.001989
296.157356	822.467351	72.000000	364.503779	0.001989
294.411223	822.467293	68.000000	364.503805	-0.000587
296.616633	822.467361	76.000000	364.503775	0.007139
297.510837	822.467423	86.000000	364.503748	0.005852
295.642665	822.467482	66.000000	364.503722	0.004564
295.570931	822.467537	152.000000	364.503697	0.000701
299.043735	822.467591	128.000000	364.503673	-0.000587
298.290995	822.467654	114.000000	364.503645	0.008427
297.878170	822.467728	124.000000	364.503613	-0.001874
299.372089	822.467793	182.000000	364.503584	-0.000587
298.416127	822.467862	282.000000	364.503553	0.001989
295.638481	822.467925	324.000000	364.503525	-0.000587
296.987181	822.467975	484.000000	364.503503	0.007139
300.875910	822.468025	588.000000	364.503481	0.007139
299.544223	822.468087	792.000000	364.503453	0.001989
297.948060	822.468138	1036.000000	364.503431	-0.001874
298.290345	822.468210	1292.000000	364.503399	-0.001874
297.867490	822.468282	1710.000000	364.503367	0.000701
298.703820	822.468347	2140.000000	364.503338	0.004564
298.926496	822.468417	2744.000000	364.503307	0.004564
300.057617	822.468469	3038.000000	364.503284	-0.000587
300.355989	822.468523	3524.000000	364.503260	0.000701
299.281969	822.468579	4042.000000	364.503236	0.003276
298.960794	822.468639	4454.000000	364.503209	0.001989
299.388254	822.468708	4964.000000	364.503178	0.004564
298.447644	822.468782	5232.000000	364.503146	0.007139
299.623924	822.468854	5524.000000	364.503113	0.005852
298.321925	822.468909	5478.000000	364.503089	-0.001874
301.548910	822.468958	5356.000000	364.503067	-0.000587
299.706160	822.469011	5088.000000	364.503044	0.000701
301.085255	822.469070	5164.000000	364.503018	0.003276
298.898446	822.469126	4420.000000	364.502993	0.007139
300.065155	822.469194	4090.000000	364.502963	0.007139
299.177745	822.469260	3506.000000	364.502933	-0.000587
301.568133	822.469321	3114.000000	364.502906	0.003276
303.355053	822.469373	2596.000000	364.502884	0.004564
300.142288	822.469424	2222.000000	364.502861	0.003276
298.100429	822.469478	1874.000000	364.502837	0.000701
297.774602	822.469534	1512.000000	364.502812	0.004564
301.156473	822.469587	1250.000000	364.502788	0.007139
299.868677	822.469661	980.000000	364.502756	0.005852
300.513310	822.469739	696.000000	364.502721	0.001989
301.068978	822.469795	470.000000	364.502696	0.005852
303.136651	822.469848	330.000000	364.502673	0.003276
301.627864	822.469903	312.000000	364.502648	-0.000587
299.400375	822.469952	206.000000	364.502627	-0.003162
299.424794	822.470010	162.000000	364.502601	-0.000587
300.854513	822.470067	98.000000	364.502576	0.003276
301.772020	822.470133	164.000000	364.502546	0.003276
300.939511	822.470207	72.000000	364.502514	0.001989
300.301066	822.470262	86.000000	364.502489	-0.000587
297.748831	822.470298	66.000000	364.502473	0.005852
299.929882	822.470252	52.000000	364.502494	0.005852
301.783440	822.470194	102.000000	364.502520	0.003276
303.657210	822.470126	96.000000	364.502550	0.007139
299.692256	822.470067	126.000000	364.502576	0.000701
299.766065	822.470008	122.000000	364.502602	0.005852
302.833513	822.469955	156.000000	364.502625	0.004564
303.632019	822.469904	194.000000	364.502648	0.003276
303.005719	822.469849	260.000000	364.502672	0.007139
301.109603	822.469802	342.000000	364.502693	-0.001874
300.343124	822.469745	462.000000	364.502719	0.001989
299.637648	822.469664	688.000000	364.502754	0.004564
299.788365	822.469599	810.000000	364.502783	0.004564
301.860075	822.469538	1180.000000	364.502810	0.001989
303.011585	822.469485	1614.000000	364.502834	0.007139
301.555461	822.469438	1698.000000	364.502855	0.008427
297.389860	822.469383	2036.000000	364.502879	-0.001874
300.046932	822.469336	2472.000000	364.502900	0.007139
301.467335	822.469284	2792.000000	364.502923	-0.003162
300.609109	822.469215	3324.000000	364.502954	0.000701
298.839742	822.469148	3886.000000	364.502983	0.004564
297.657887	822.469092	4234.000000	364.503008	0.007139
299.682159	822.469031	4508.000000	364.503035	0.008427
301.793587	822.468981	4900.000000	364.503057	0.007139
301.157301	822.468932	5356.000000	364.503079	-0.000587
300.286280	822.468883	5574.000000	364.503100	-0.001874
299.875220	822.468824	5560.000000	364.503127	0.005852
300.519572	822.468762	5472.000000	364.503154	-0.001874
298.592879	822.468695	4954.000000	364.503184	-0.001874
299.425495	822.468627	4946.000000	364.503214	0.004564
299.343279	822.468559	4530.000000	364.503244	0.005852
298.657256	822.468506	4132.000000	364.503268	0.005852
300.653090	822.468458	3642.000000	364.503289	0.004564
296.493548	822.468399	3150.000000	364.503315	-0.001874
297.797382	822.468343	2646.000000	364.503340	0.004564
300.438154	822.468281	2176.000000	364.503368	-0.003162
298.040887	822.468206	1684.000000	364.503401	0.007139
298.761493	822.468139	1312.000000	364.503430	0.004564
296.262213	822.468075	1028.000000	364.503459	0.001989
296.711390	822.468024	764.000000	364.503481	0.000701
296.666176	822.467972	592.000000	364.503504	-0.001874
297.787253	822.467919	444.000000	364.503528	0.000701
300.440987	822.467859	354.000000	364.503554	0.005852
298.621685	822.467792	260.000000	364.503584	0.007139
296.524629	822.467721	204.000000	364.503616	0.000701
297.704877	822.467650	142.000000	364.503647	0.000701
300.017242	822.467585	98.000000	364.503676	0.005852
298.086930	822.467532	94.000000	364.503699	0.008427
296.483280	822.467475	112.000000	364.503725	0.007139
297.559200	822.467416	78.000000	364.503751	0.001989
296.564781	822.467364	64.000000	364.503774	0.000701
296.569256	822.467427	74.000000	364.503746	0.008427
297.477378	822.467488	142.000000	364.503719	0.003276
300.455062	822.467537	70.000000	364.503697	0.005852
298.218271	822.467591	76.000000	364.503673	0.003276
297.006176	822.467658	96.000000	364.503644	0.001989
298.444117	822.467728	110.000000	364.503612	0.001989
299.141893	822.467803	218.000000	364.503579	-0.001874
297.972215	822.467873	246.000000	364.503548	0.001989
300.384441	822.467930	356.000000	364.503523	-0.000587
301.323799	822.467981	426.000000	364.503500	0.004564
297.872367	822.468034	638.000000	364.503477	0.007139
299.157353	822.468080	752.000000	364.503457	-0.001874
298.205474	822.468140	996.000000	364.503430	-0.001874
299.692166	822.468210	1236.000000	364.503399	0.005852
298.282479	822.468287	1674.000000	364.503365	0.004564
300.913849	822.468357	2238.000000	364.503334	-0.003162
299.710082	822.468410	2512.000000	364.503310	0.008427
299.699031	822.468463	3240.000000	364.503287	0.000701
301.035223	822.468515	3684.000000	364.503264	0.000701
299.623171	822.468575	4118.000000	364.503237	0.003276
299.732091	822.468637	4480.000000	364.503210	0.005852
299.049815	822.468712	4960.000000	364.503176	-0.000587
300.362795	822.468787	5404.000000	364.503143	0.003276
300.681013	822.468851	5440.000000	364.503115	0.005852
299.162937	822.468907	5624.000000	364.503090	0.008427
301.014144	822.468954	5110.000000	364.503069	0.000701
302.153527	822.469003	5364.000000	364.503048	0.004564
300.850135	822.469067	5056.000000	364.503019	0.003276
299.507141	822.469124	4656.000000	364.502994	-0.000587
298.710657	822.469193	4188.000000	364.502963	0.001989
302.048642	822.469262	3810.000000	364.502932	-0.000587
301.082379	822.469319	3208.000000	364.502908	0.007139
299.876042	822.469371	2568.000000	364.502884	0.005852
298.256215	822.469423	2300.000000	364.502861	-0.001874
297.905621	822.469474	1870.000000	364.502839	-0.000587
301.496717	822.469526	1760.000000	364.502815	0.001989
299.824016	822.469591	1290.000000	364.502787	0.001989
300.998500	822.469664	948.000000	364.502754	0.000701
300.333747	822.469730	708.000000	364.502725	0.007139
300.351639	822.469791	470.000000	364.502698	0.007139
302.515656	822.469850	344.000000	364.502672	-0.000587
304.436184	822.469898	292.000000	364.502651	-0.001874
302.317313	822.469952	212.000000	364.502627	0.004564
300.638230	822.470007	194.000000	364.502602	0.007139
301.409265	822.470064	146.000000	364.502577	-0.000587
300.778697	822.470138	90.000000	364.502544	0.004564
