207.566349	822.468500	0.000000	364.503270	-0.001874
210.526691	822.468513	0.000000	364.503265	-0.000587
213.000290	822.468545	3286.000000	364.503250	-0.001874
209.357396	822.468610	3190.000000	364.503221	-0.001874
207.968488	822.468642	3678.000000	364.503207	-0.000587
205.603623	822.468663	3984.000000	364.503198	-0.001874
205.885357	822.468712	4102.000000	364.503176	-0.001874
205.579907	822.468739	4304.000000	364.503164	-0.001874
199.402327	822.468760	4380.000000	364.503155	-0.001874
203.889838	822.468767	4326.000000	364.503152	-0.001874
208.787612	822.468758	4116.000000	364.503156	-0.000587
213.606495	822.468757	3616.000000	364.503157	-0.000587
215.167754	822.468826	2764.000000	364.503126	-0.001874
215.574151	822.468867	2886.000000	364.503108	-0.001874
211.227330	822.468910	2646.000000	364.503089	-0.001874
206.825960	822.468961	2858.000000	364.503066	-0.000587
210.502700	822.468990	3014.000000	364.503053	-0.000587
202.694153	822.469030	3122.000000	364.503035	-0.001874
200.902726	822.469067	3130.000000	364.503019	-0.000587
209.039182	822.469097	3312.000000	364.503006	-0.001874
201.033438	822.469113	3088.000000	364.502999	-0.000587
200.244274	822.469125	3032.000000	364.502993	-0.001874
204.875490	822.469127	2668.000000	364.502993	-0.001874
208.472782	822.469125	2432.000000	364.502993	-0.000587
211.480595	822.469191	1992.000000	364.502964	-0.001874
207.573341	822.469256	1636.000000	364.502935	-0.001874
202.933333	822.469313	1546.000000	364.502910	-0.001874
202.252622	822.469367	1504.000000	364.502886	-0.001874
202.388254	822.469411	1394.000000	364.502867	-0.001874
200.171820	822.469428	1258.000000	364.502859	-0.000587
200.018695	822.469455	1272.000000	364.502847	-0.001874
198.438906	822.469465	1148.000000	364.502843	-0.000587
198.007519	822.469484	1030.000000	364.502834	-0.001874
201.561431	822.469489	1036.000000	364.502832	-0.001874
203.161356	822.469514	808.000000	364.502821	-0.001874
199.211675	822.469550	836.000000	364.502805	-0.001874
197.406503	822.469610	642.000000	364.502778	-0.000587
201.432637	822.469675	612.000000	364.502750	-0.001874
199.991238	822.469718	456.000000	364.502731	-0.001874
196.653244	822.469752	418.000000	364.502716	-0.001874
199.272893	822.469769	390.000000	364.502708	-0.001874
196.758197	822.469792	276.000000	364.502698	-0.001874
200.162727	822.469803	340.000000	364.502693	-0.001874
199.626564	822.469828	258.000000	364.502682	-0.001874
200.584788	822.469848	262.000000	364.502673	-0.001874
199.910937	822.469867	286.000000	364.502664	-0.001874
197.595024	822.469913	254.000000	364.502644	-0.000587
199.816717	822.469969	198.000000	364.502619	-0.001874
194.047446	822.470013	188.000000	364.502600	-0.000587
199.360385	822.470046	162.000000	364.502585	-0.000587
196.525121	822.470054	188.000000	364.502582	-0.001874
195.786535	822.470032	192.000000	364.502591	-0.001874
201.096639	822.469988	140.000000	364.502611	-0.000587
197.736128	822.469928	188.000000	364.502638	-0.001874
197.749473	822.469886	186.000000	364.502656	-0.001874
198.723323	822.469860	194.000000	364.502668	-0.000587
202.000177	822.469840	200.000000	364.502676	-0.000587
196.872268	822.469834	236.000000	364.502679	-0.001874
202.787421	822.469810	248.000000	364.502690	-0.001874
196.117937	822.469796	260.000000	364.502696	-0.001874
200.478551	822.469770	252.000000	364.502707	-0.001874
198.361109	822.469760	316.000000	364.502712	-0.001874
199.353835	822.469722	352.000000	364.502729	-0.001874
198.007560	822.469677	446.000000	364.502749	-0.000587
203.242795	822.469608	496.000000	364.502779	-0.000587
200.951959	822.469565	658.000000	364.502798	-0.001874
201.522604	822.469544	666.000000	364.502808	-0.000587
203.529346	822.469517	824.000000	364.502820	-0.000587
197.641608	822.469507	958.000000	364.502824	-0.001874
200.900038	822.469491	844.000000	364.502831	-0.001874
201.137208	822.469478	1008.000000	364.502837	-0.001874
201.034680	822.469465	1110.000000	364.502843	-0.001874
201.321284	822.469452	1172.000000	364.502848	-0.001874
201.696724	822.469423	1232.000000	364.502861	-0.000587
201.034451	822.469391	1348.000000	364.502876	-0.000587
204.541102	822.469336	1412.000000	364.502900	-0.000587
205.471177	822.469291	1404.000000	364.502920	-0.000587
207.886619	822.469226	1486.000000	364.502949	-0.001874
208.486229	822.469154	1612.000000	364.502980	-0.001874
211.398697	822.469111	1698.000000	364.502999	-0.000587
215.250747	822.469069	1764.000000	364.503018	-0.001874
203.607873	822.469131	2012.000000	364.502991	-0.001874
199.178598	822.469123	2622.000000	364.502994	-0.001874
198.919731	822.469098	2956.000000	364.503005	-0.000587
204.714297	822.469053	3062.000000	364.503025	-0.001874
204.578167	822.469025	3276.000000	364.503038	-0.001874
207.984372	822.468967	3086.000000	364.503063	-0.000587
211.304483	822.468923	2962.000000	364.503083	-0.001874
213.226873	822.468884	2910.000000	364.503100	-0.000587
215.039103	822.468825	2712.000000	364.503126	-0.001874
219.248181	822.468775	2516.000000	364.503148	-0.000587
215.724783	822.468733	2646.000000	364.503167	-0.000587
207.240082	822.468745	2828.000000	364.503162	-0.000587
204.831765	822.468752	3722.000000	364.503159	-0.000587
204.054355	822.468738	4400.000000	364.503165	-0.000587
207.239295	822.468692	4268.000000	364.503185	-0.000587
203.813975	822.468666	4184.000000	364.503197	-0.000587
208.009540	822.468627	4018.000000	364.503214	-0.000587
212.179832	822.468572	3452.000000	364.503238	-0.001874
213.388011	822.468528	3222.000000	364.503258	-0.001874
210.756865	822.468512	3160.000000	364.503265	-0.001874
205.322522	822.468498	3662.000000	364.503271	-0.001874
203.421173	822.468481	3568.000000	364.503279	-0.001874
202.820410	822.468468	3756.000000	364.503285	-0.001874
205.987723	822.468444	3672.000000	364.503295	-0.001874
201.422943	822.468423	3476.000000	364.503304	-0.001874
209.833576	822.468403	3158.000000	364.503313	-0.000587
206.926830	822.468359	3074.000000	364.503333	-0.000587
214.036136	822.468328	2598.000000	364.503347	-0.001874
214.079690	822.468281	2154.000000	364.503367	-0.001874
215.687444	822.468258	1802.000000	364.503377	-0.001874
214.516835	822.468209	1732.000000	364.503399	-0.001874
216.125585	822.468180	1412.000000	364.503412	-0.000587
212.329562	822.468145	1390.000000	364.503428	-0.001874
208.988106	822.468125	1488.000000	364.503436	-0.000587
207.671838	822.468109	1400.000000	364.503444	-0.001874
208.756421	822.468109	1334.000000	364.503444	-0.001874
210.250265	822.468083	1228.000000	364.503455	-0.001874
210.656809	822.468050	962.000000	364.503470	-0.001874
208.704749	822.468021	802.000000	364.503482	-0.001874
210.814673	822.467999	718.000000	364.503492	-0.000587
209.228084	822.467977	526.000000	364.503502	-0.000587
212.379756	822.467934	480.000000	364.503521	-0.000587
213.578577	822.467906	478.000000	364.503533	-0.000587
211.093899	822.467895	356.000000	364.503538	-0.001874
214.824932	822.467865	382.000000	364.503552	-0.000587
212.091930	822.467848	308.000000	364.503559	-0.001874
213.197926	822.467810	270.000000	364.503576	-0.000587
211.703738	822.467803	210.000000	364.503579	-0.001874
209.612156	822.467755	206.000000	364.503601	-0.001874
210.455281	822.467707	244.000000	364.503622	-0.001874
205.651999	822.467625	240.000000	364.503658	-0.001874
208.977618	822.467596	168.000000	364.503671	-0.001874
211.193970	822.467557	146.000000	364.503688	-0.000587
211.288241	822.467533	208.000000	364.503699	-0.000587
210.812200	822.467544	174.000000	364.503694	-0.000587
206.078256	822.467579	144.000000	364.503678	-0.001874
208.649421	822.467529	126.000000	364.503701	-0.000587
213.063696	822.467473	144.000000	364.503726	-0.001874
207.811623	822.467449	148.000000	364.503736	-0.001874
206.850387	822.467414	128.000000	364.503752	-0.001874
208.222875	822.467348	160.000000	364.503781	-0.000587
207.868361	822.467309	154.000000	364.503798	-0.001874
209.739840	822.467282	130.000000	364.503810	-0.000587
211.609178	822.467234	126.000000	364.503831	-0.001874
208.295609	822.467199	130.000000	364.503847	-0.001874
211.814508	822.467157	88.000000	364.503865	-0.000587
208.839665	822.467453	136.000000	364.503735	-0.000587
199.978641	822.467472	130.000000	364.503726	-0.001874
202.775692	822.467407	122.000000	364.503755	-0.001874
197.969747	822.467501	112.000000	364.503713	-0.001874
202.209723	822.467476	184.000000	364.503724	-0.001874
207.095171	822.467422	146.000000	364.503748	-0.001874
209.847413	822.467372	190.000000	364.503770	0.000701
208.891052	822.467173	152.000000	364.503858	-0.000587
209.834901	822.467202	142.000000	364.503845	-0.000587
206.700836	822.467261	124.000000	364.503819	-0.001874
205.926627	822.467312	136.000000	364.503797	-0.000587
207.203041	822.467370	134.000000	364.503771	-0.001874
206.812800	822.467412	96.000000	364.503753	-0.001874
205.706843	822.467461	122.000000	364.503731	-0.001874
206.601569	822.467503	130.000000	364.503712	-0.000587
205.873682	822.467572	148.000000	364.503682	-0.000587
208.277845	822.467543	178.000000	364.503694	-0.001874
212.788585	822.467498	166.000000	364.503715	-0.001874
212.853117	822.467515	120.000000	364.503707	-0.001874
213.201131	822.467549	140.000000	364.503692	-0.001874
206.314471	822.467563	176.000000	364.503685	-0.001874
209.373843	822.467583	142.000000	364.503677	-0.000587
212.030024	822.467663	158.000000	364.503641	-0.000587
208.542592	822.467705	236.000000	364.503623	-0.001874
206.917267	822.467763	210.000000	364.503597	-0.001874
208.007847	822.467801	180.000000	364.503580	-0.000587
213.315701	822.467810	300.000000	364.503576	-0.001874
214.979612	822.467834	244.000000	364.503565	-0.001874
215.306532	822.467843	306.000000	364.503562	-0.001874
212.075351	822.467861	308.000000	364.503553	-0.000587
210.165757	822.467901	334.000000	364.503536	-0.000587
211.536067	822.467930	378.000000	364.503523	-0.001874
211.927027	822.467965	442.000000	364.503507	-0.001874
209.702454	822.467987	584.000000	364.503498	-0.001874
209.356769	822.468021	550.000000	364.503483	-0.001874
208.381348	822.468056	722.000000	364.503467	-0.000587
206.112592	822.468081	684.000000	364.503456	-0.001874
210.291808	822.468108	858.000000	364.503444	-0.000587
207.912056	822.468124	1046.000000	364.503437	-0.001874
211.279245	822.468113	1314.000000	364.503442	-0.001874
209.996272	822.468138	1422.000000	364.503431	-0.003162
212.231814	822.468172	1500.000000	364.503416	-0.001874
213.691641	822.468210	1528.000000	364.503399	-0.001874
214.231615	822.468249	1438.000000	364.503382	-0.001874
210.973151	822.468272	1710.000000	364.503372	-0.001874
211.630803	822.468321	1896.000000	364.503350	-0.000587
207.808769	822.468360	2182.000000	364.503333	-0.000587
206.395558	822.468379	2488.000000	364.503324	-0.001874
202.799813	822.468412	2762.000000	364.503309	-0.001874
205.347569	822.468452	3222.000000	364.503292	-0.000587
210.864261	822.468399	3382.000000	364.503315	-0.001874
203.359049	822.468504	3170.000000	364.503269	-0.001874
214.318173	822.468446	3780.000000	364.503294	-0.001874
204.871198	822.468515	3104.000000	364.503263	-0.001874
212.141145	822.468512	3670.000000	364.503265	-0.000587
213.820250	822.468571	3014.000000	364.503239	-0.000587
211.606661	822.468623	3218.000000	364.503216	-0.000587
204.735111	822.468654	3540.000000	364.503202	-0.001874
206.989581	822.468674	3864.000000	364.503193	-0.001874
204.934939	822.468739	3944.000000	364.503164	-0.000587
203.394571	822.468766	4036.000000	364.503153	-0.001874
204.795413	822.468778	4308.000000	364.503147	-0.001874
215.219162	822.468731	3802.000000	364.503168	-0.000587
214.489774	822.468803	2636.000000	364.503136	-0.001874
212.165799	822.468870	2548.000000	364.503106	-0.001874
212.739333	822.468901	2906.000000	364.503092	-0.001874
210.068565	822.468889	2828.000000	364.503098	-0.001874
208.109907	822.468958	3020.000000	364.503067	-0.001874
212.110436	822.468933	3014.000000	364.503078	-0.000587
204.998535	822.469069	3214.000000	364.503018	-0.001874
199.008509	822.469102	2924.000000	364.503003	-0.001874
201.548951	822.469108	2928.000000	364.503001	-0.001874
203.677603	822.469138	2798.000000	364.502987	-0.001874
208.068142	822.469090	2562.000000	364.503009	-0.000587
209.644285	822.469145	1872.000000	364.502985	-0.001874
208.622286	822.469217	1754.000000	364.502952	-0.000587
207.410791	822.469292	1614.000000	364.502919	-0.000587
207.069042	822.469305	1508.000000	364.502914	-0.000587
201.507686	822.469353	1436.000000	364.502892	-0.001874
202.692674	822.469398	1466.000000	364.502872	-0.001874
200.640274	822.469409	1334.000000	364.502867	-0.001874
200.591225	822.469437	1146.000000	364.502855	-0.001874
200.083574	822.469457	1130.000000	364.502846	-0.000587
200.644202	822.469481	1106.000000	364.502836	-0.000587
197.514170	822.469483	1076.000000	364.502835	-0.001874
205.842356	822.469506	974.000000	364.502825	-0.001874
200.422224	822.469550	782.000000	364.502805	-0.001874
199.428103	822.469588	730.000000	364.502788	-0.001874
199.676335	822.469640	588.000000	364.502765	-0.001874
198.481668	822.469694	562.000000	364.502741	-0.001874
197.337825	822.469736	462.000000	364.502722	-0.001874
200.240476	822.469754	466.000000	364.502715	-0.001874
200.894029	822.469768	340.000000	364.502708	-0.001874
198.287876	822.469791	342.000000	364.502698	-0.000587
200.021884	822.469800	258.000000	364.502694	-0.001874
195.831682	822.469831	338.000000	364.502680	-0.001874
200.357342	822.469850	242.000000	364.502672	-0.001874
200.126250	822.469879	258.000000	364.502659	-0.001874
195.372162	822.469922	220.000000	364.502640	-0.001874
195.730005	822.469987	202.000000	364.502611	-0.001874
197.497198	822.470031	166.000000	364.502592	-0.000587
198.064420	822.470061	170.000000	364.502579	-0.001874
197.258330	822.470070	174.000000	364.502574	-0.001874
199.505674	822.470074	158.000000	364.502573	-0.000587
195.637667	822.470062	132.000000	364.502578	-0.001874
201.255101	822.470049	200.000000	364.502584	-0.001874
198.586143	822.470011	124.000000	364.502601	-0.000587
198.562495	822.469955	186.000000	364.502625	-0.001874
196.416200	822.469910	200.000000	364.502645	-0.001874
200.698198	822.469870	218.000000	364.502663	-0.001874
200.716615	822.469847	218.000000	364.502674	-0.001874
196.219717	822.469828	246.000000	364.502682	-0.001874
198.890593	822.469805	254.000000	364.502692	-0.001874
200.005265	822.469798	264.000000	364.502695	-0.001874
198.211675	822.469785	320.000000	364.502701	-0.001874
196.516667	822.469754	348.000000	364.502715	-0.001874
196.216784	822.469680	424.000000	364.502747	-0.001874
200.337049	822.469640	412.000000	364.502765	-0.001874
200.000724	822.469599	534.000000	364.502783	-0.000587
203.855041	822.469574	548.000000	364.502794	-0.001874
198.355525	822.469559	666.000000	364.502801	-0.001874
201.683427	822.469541	688.000000	364.502809	-0.001874
202.270112	822.469527	856.000000	364.502815	-0.000587
204.483367	822.469527	842.000000	364.502815	-0.000587
196.997347	822.469494	822.000000	364.502830	-0.001874
201.580180	822.469468	894.000000	364.502841	-0.001874
200.946370	822.469417	1094.000000	364.502864	-0.000587
206.495210	822.469361	1076.000000	364.502889	-0.001874
201.902424	822.469343	1166.000000	364.502897	-0.000587
208.173786	822.469266	1330.000000	364.502931	-0.000587
209.003587	822.469193	1250.000000	364.502963	-0.001874
213.298587	822.469132	1384.000000	364.502990	-0.001874
207.776576	822.469134	1432.000000	364.502989	-0.001874
203.896350	822.469169	1884.000000	364.502974	-0.001874
200.408079	822.469158	2532.000000	364.502979	-0.001874
203.946900	822.469131	2616.000000	364.502991	-0.001874
204.056433	822.469112	2964.000000	364.502999	-0.001874
208.561292	822.469073	2920.000000	364.503017	-0.001874
208.284505	822.469021	2808.000000	364.503040	-0.001874
212.342161	822.468976	2654.000000	364.503059	-0.000587
214.073307	822.468914	2538.000000	364.503087	-0.000587
215.201314	822.468881	2550.000000	364.503102	-0.000587
218.949865	822.468825	2746.000000	364.503126	-0.000587
215.733725	822.468764	2676.000000	364.503153	-0.001874
206.503841	822.468803	2766.000000	364.503136	-0.001874
207.956250	822.468800	4042.000000	364.503137	-0.001874
201.391982	822.468761	4370.000000	364.503155	-0.001874
205.158707	822.468723	4490.000000	364.503171	-0.001874
206.606115	822.468675	4062.000000	364.503193	-0.000587
207.747476	822.468643	3642.000000	364.503207	-0.000587
212.409904	822.468615	3708.000000	364.503219	-0.001874
213.387555	822.468588	3518.000000	364.503231	-0.000587
214.308944	822.468555	2872.000000	364.503246	-0.001874
215.446256	822.468514	2692.000000	364.503264	-0.000587
214.952339	822.468495	2914.000000	364.503273	-0.001874
215.170181	822.468460	2678.000000	364.503288	-0.001874
213.096763	822.468421	2632.000000	364.503305	-0.000587
215.458127	822.468402	2492.000000	364.503314	-0.001874
208.388385	822.468388	2632.000000	364.503320	-0.001874
210.106197	822.468361	2840.000000	364.503332	-0.001874
206.695409	822.468351	2776.000000	364.503336	-0.001874
201.624424	822.468351	3042.000000	364.503336	-0.000587
204.614247	822.468319	2810.000000	364.503351	-0.001874
206.498816	822.468291	2492.000000	364.503363	-0.000587
208.288258	822.468258	2326.000000	364.503377	-0.001874
213.925385	822.468225	1970.000000	364.503392	-0.000587
213.792366	822.468179	1632.000000	364.503413	-0.001874
213.367240	822.468152	1218.000000	364.503424	-0.000587
214.757523	822.468118	1170.000000	364.503440	-0.001874
214.429037	822.468090	1052.000000	364.503452	-0.001874
213.460322	822.468055	1012.000000	364.503468	-0.000587
213.448054	822.468052	1036.000000	364.503469	-0.000587
211.182005	822.468047	944.000000	364.503471	-0.001874
212.572255	822.468006	772.000000	364.503489	-0.000587
212.616531	822.468017	700.000000	364.503485	-0.000587
211.276101	822.467986	562.000000	364.503498	-0.000587
211.033610	822.467944	504.000000	364.503517	-0.001874
208.304666	822.467896	444.000000	364.503538	-0.001874
209.827211	822.467872	422.000000	364.503549	-0.001874
214.037478	822.467842	332.000000	364.503562	-0.000587
210.135461	822.467842	306.000000	364.503562	-0.001874
210.787660	822.467815	276.000000	364.503574	-0.001874
208.800334	822.467809	244.000000	364.503577	-0.001874
207.708266	822.467843	312.000000	364.503561	-0.000587
204.890631	822.467786	222.000000	364.503587	-0.001874
203.415425	822.467719	154.000000	364.503617	-0.001874
207.685650	822.467632	178.000000	364.503655	-0.001874
211.187049	822.467588	196.000000	364.503674	-0.000587
209.708859	822.467551	164.000000	364.503691	-0.001874
205.824059	822.467533	152.000000	364.503699	-0.001874
208.764620	822.467482	180.000000	364.503721	-0.000587
210.745087	822.467488	186.000000	364.503719	-0.001874
207.810675	822.467592	152.000000	364.503673	-0.001874
206.443555	822.467550	150.000000	364.503691	-0.000587
204.530325	822.467489	140.000000	364.503718	-0.001874
207.611204	822.467438	140.000000	364.503741	-0.000587
207.236528	822.467351	118.000000	364.503780	-0.001874
204.658319	822.467308	128.000000	364.503799	-0.001874
209.523204	822.467259	144.000000	364.503820	-0.000587
209.146919	822.467206	130.000000	364.503844	-0.001874
208.076201	822.467172	116.000000	364.503859	-0.001874
209.961629	822.467406	128.000000	364.503755	-0.001874
200.012143	-3.000000	150.000000	-99930.819333	-0.001874
198.726857	-3.000000	142.000000	-99930.819333	-0.001874
200.789238	-3.000000	158.000000	-99930.819333	-0.001874
205.281247	822.467492	110.000000	364.503717	-0.001874
207.710811	822.467190	76.000000	364.503851	-0.001874
209.982439	822.467213	132.000000	364.503841	-0.001874
204.867374	822.467285	134.000000	364.503809	-0.001874
203.420310	822.467343	138.000000	364.503783	-0.000587
204.644906	822.467383	94.000000	364.503765	-0.001874
203.876605	822.467415	152.000000	364.503751	-0.000587
205.822032	822.467487	112.000000	364.503719	-0.001874
207.278309	822.467546	220.000000	364.503693	-0.001874
203.649753	822.467593	142.000000	364.503672	-0.001874
208.832823	822.467599	122.000000	364.503670	-0.000587
208.156022	822.467587	166.000000	364.503675	-0.001874
208.564548	822.467579	142.000000	364.503679	-0.001874
209.338896	822.467571	164.000000	364.503682	-0.000587
209.497893	822.467591	152.000000	364.503673	-0.001874
208.095696	822.467622	196.000000	364.503659	-0.000587
208.351341	822.467678	214.000000	364.503634	-0.001874
210.121299	822.467735	174.000000	364.503609	-0.001874
207.808565	822.467780	180.000000	364.503589	-0.001874
207.040013	822.467831	164.000000	364.503567	-0.000587
208.250977	822.467865	238.000000	364.503552	-0.001874
208.245463	822.467864	278.000000	364.503552	-0.001874
212.129879	822.467852	236.000000	364.503557	-0.001874
210.799184	822.467837	326.000000	364.503564	-0.000587
211.739755	822.467856	404.000000	364.503556	-0.001874
208.199690	822.467917	416.000000	364.503529	-0.000587
209.593702	822.467956	492.000000	364.503512	-0.000587
211.711661	822.467991	446.000000	364.503496	-0.001874
212.442946	822.468044	524.000000	364.503473	-0.001874
213.434034	822.468066	580.000000	364.503463	-0.001874
209.928608	822.468086	708.000000	364.503454	-0.001874
209.362662	822.468090	858.000000	364.503452	-0.001874
212.081411	822.468085	1118.000000	364.503454	-0.001874
213.581389	822.468105	1118.000000	364.503445	-0.001874
214.349076	822.468141	1076.000000	364.503430	-0.000587
212.368019	822.468170	1086.000000	364.503417	-0.000587
216.255300	822.468192	1268.000000	364.503407	-0.001874
214.235241	822.468229	1382.000000	364.503390	-0.000587
216.088436	822.468270	1546.000000	364.503372	-0.001874
207.552085	822.468320	1882.000000	364.503350	-0.001874
206.182507	822.468357	2206.000000	364.503334	-0.000587
203.040028	822.468373	2496.000000	364.503327	-0.000587
207.492496	822.468394	2846.000000	364.503317	-0.001874
204.408680	822.468428	3086.000000	364.503302	-0.001874
207.654231	822.468437	3182.000000	364.503298	-0.001874
210.549044	822.468430	3186.000000	364.503301	-0.001874
214.609378	822.468460	2862.000000	364.503288	-0.001874
215.152963	822.468505	2540.000000	364.503268	-0.001874
215.236017	822.468552	2594.000000	364.503247	-0.001874
214.426427	822.468579	2866.000000	364.503236	-0.001874
206.658621	822.468621	3310.000000	364.503217	-0.001874
206.770248	822.468654	3690.000000	364.503202	-0.001874
204.308134	822.468681	3978.000000	364.503190	-0.000587
202.637818	822.468724	4200.000000	364.503171	-0.001874
204.660694	822.468757	4396.000000	364.503156	-0.001874
203.969120	822.468765	4466.000000	364.503153	-0.001874
209.164292	822.468739	4148.000000	364.503164	-0.001874
217.525711	822.468782	3208.000000	364.503146	-0.001874
217.842334	822.468827	2626.000000	364.503125	-0.001874
211.515687	822.468882	2560.000000	364.503101	-0.001874
213.628673	822.468920	2702.000000	364.503084	-0.001874
212.593824	822.468970	2810.000000	364.503062	-0.001874
211.353682	822.469016	2896.000000	364.503042	-0.000587
201.950082	822.469039	3084.000000	364.503031	-0.001874
203.635279	822.469081	3110.000000	364.503013	-0.000587
197.887440	822.469092	3138.000000	364.503008	-0.001874
203.334238	822.469116	2996.000000	364.502997	-0.001874
204.213161	822.469130	2818.000000	364.502991	-0.000587
213.844974	822.469094	2654.000000	364.503007	-0.000587
215.029885	822.469141	1860.000000	364.502986	-0.001874
209.680836	822.469213	1448.000000	364.502954	-0.001874
208.003163	822.469256	1434.000000	364.502935	-0.001874
205.227760	822.469311	1424.000000	364.502911	-0.001874
204.795840	822.469360	1462.000000	364.502889	-0.000587
204.034446	822.469396	1288.000000	364.502873	-0.001874
200.279365	822.469452	1300.000000	364.502848	-0.000587
197.626807	822.469458	1248.000000	364.502846	-0.000587
200.043470	822.469464	1162.000000	364.502843	-0.001874
198.234668	822.469491	1080.000000	364.502831	-0.001874
201.183273	822.469493	944.000000	364.502830	-0.001874
200.472894	822.469505	854.000000	364.502825	-0.001874
200.534169	822.469540	806.000000	364.502809	-0.001874
206.473347	822.469566	760.000000	364.502798	-0.000587
204.047786	822.469600	752.000000	364.502783	-0.001874
198.184108	822.469666	610.000000	364.502754	-0.001874
201.102001	822.469713	546.000000	364.502733	-0.000587
199.115168	822.469755	466.000000	364.502714	-0.000587
201.303457	822.469769	374.000000	364.502708	-0.001874
202.031494	822.469789	340.000000	364.502699	-0.001874
199.935519	822.469815	304.000000	364.502688	-0.000587
198.125143	822.469844	344.000000	364.502675	-0.000587
199.210140	822.469850	288.000000	364.502672	-0.001874
197.777636	822.469863	270.000000	364.502666	-0.000587
200.326216	822.469886	214.000000	364.502656	-0.001874
198.720054	822.469932	270.000000	364.502636	-0.000587
202.480955	822.469986	220.000000	364.502612	-0.000587
200.251787	822.470034	224.000000	364.502591	-0.001874
197.961630	822.470071	120.000000	364.502574	-0.001874
200.702121	822.470086	134.000000	364.502568	-0.001874
200.059816	822.470052	148.000000	364.502583	-0.001874
195.561437	822.470004	188.000000	364.502604	-0.000587
197.320822	822.469955	192.000000	364.502626	-0.001874
199.160951	822.469923	184.000000	364.502640	-0.001874
201.894876	822.469875	200.000000	364.502661	-0.001874
195.773277	822.469858	222.000000	364.502669	-0.000587
198.342243	822.469852	242.000000	364.502671	-0.000587
200.385963	822.469832	236.000000	364.502680	-0.001874
199.279762	822.469815	298.000000	364.502687	-0.001874
195.474247	822.469792	246.000000	364.502698	-0.001874
197.996939	822.469781	314.000000	364.502703	-0.001874
202.094213	822.469753	320.000000	364.502715	-0.001874
202.502646	822.469699	382.000000	364.502739	-0.001874
197.183621	822.469644	454.000000	364.502763	-0.000587
202.159900	822.469589	560.000000	364.502788	-0.001874
205.083654	822.469568	620.000000	364.502797	-0.001874
200.840451	822.469541	650.000000	364.502809	-0.001874
200.047599	822.469523	782.000000	364.502817	-0.001874
201.573704	822.469506	820.000000	364.502824	-0.000587
201.672340	822.469489	934.000000	364.502832	-0.000587
196.216048	822.469481	1030.000000	364.502836	-0.000587
201.365069	822.469447	998.000000	364.502850	-0.001874
202.529039	822.469415	1114.000000	364.502865	-0.001874
201.453620	822.469379	1228.000000	364.502881	-0.000587
209.055521	822.469322	1266.000000	364.502906	-0.001874
211.156834	822.469277	1394.000000	364.502926	-0.001874
210.917628	822.469228	1322.000000	364.502948	-0.001874
213.186201	822.469172	1294.000000	364.502973	-0.001874
214.501148	822.469114	1454.000000	364.502998	-0.001874
206.075948	822.469120	1490.000000	364.502996	-0.001874
203.212986	822.469147	2054.000000	364.502984	-0.001874
204.784225	822.469127	2482.000000	364.502992	-0.000587
203.283863	822.469100	2766.000000	364.503004	-0.001874
205.554388	822.469065	2936.000000	364.503020	-0.001874
208.362845	822.469040	2866.000000	364.503031	-0.000587
210.463860	822.468995	2914.000000	364.503051	-0.001874
212.846041	822.468960	2616.000000	364.503066	-0.001874
211.724141	822.468906	2510.000000	364.503090	-0.001874
214.874678	822.468858	2492.000000	364.503112	-0.000587
217.679173	822.468832	2618.000000	364.503123	-0.001874
215.124711	822.468779	2418.000000	364.503146	-0.000587
208.262528	822.468793	2786.000000	364.503141	-0.001874
201.016576	822.468783	3690.000000	364.503145	-0.001874
205.165576	822.468763	4424.000000	364.503154	-0.000587
201.901011	822.468729	4358.000000	364.503169	-0.001874
205.887546	822.468699	4140.000000	364.503182	-0.001874
208.406268	822.468645	3676.000000	364.503206	-0.001874
211.442195	822.468607	3782.000000	364.503223	-0.000587
210.985650	822.468585	3370.000000	364.503233	-0.001874
210.578406	822.468546	3216.000000	364.503250	-0.001874
214.226969	822.468522	2824.000000	364.503260	-0.001874
207.217688	822.468488	2940.000000	364.503276	-0.001874
210.388862	822.468486	3100.000000	364.503277	-0.001874
202.422984	822.468482	3616.000000	364.503278	-0.001874
205.104626	822.468447	3652.000000	364.503294	-0.001874
205.626965	822.468415	3162.000000	364.503308	-0.000587
204.418024	822.468408	3156.000000	364.503311	-0.001874
208.984795	822.468392	3096.000000	364.503318	-0.001874
211.982313	822.468331	2480.000000	364.503345	-0.000587
209.449702	822.468295	2244.000000	364.503361	-0.001874
214.158579	822.468254	1772.000000	364.503379	-0.001874
213.648029	822.468219	1746.000000	364.503395	-0.001874
215.019471	822.468188	1454.000000	364.503408	-0.001874
215.829871	822.468158	1380.000000	364.503422	-0.001874
212.618178	822.468135	1280.000000	364.503432	-0.001874
214.083900	822.468127	1162.000000	364.503436	-0.001874
205.947341	822.468126	1192.000000	364.503436	-0.001874
209.642651	822.468118	1192.000000	364.503440	-0.001874
208.972274	822.468085	904.000000	364.503454	-0.000587
209.054514	822.468064	790.000000	364.503464	-0.001874
211.010913	822.468035	644.000000	364.503476	-0.001874
209.055329	822.467981	580.000000	364.503500	-0.001874
214.954296	822.467937	528.000000	364.503520	-0.001874
211.707381	822.467905	484.000000	364.503534	-0.001874
211.899022	822.467881	486.000000	364.503545	-0.001874
208.281528	822.467877	474.000000	364.503547	-0.001874
209.137927	822.467921	382.000000	364.503527	-0.001874
210.933137	822.467925	332.000000	364.503525	-0.001874
204.769533	822.467873	254.000000	364.503548	-0.001874
205.917055	822.467796	236.000000	364.503582	-0.001874
203.748503	822.467741	214.000000	364.503607	-0.000587
208.375737	822.467697	246.000000	364.503626	-0.001874
207.586675	822.467666	196.000000	364.503640	-0.001874
207.077631	822.467648	180.000000	364.503648	-0.001874
210.341275	822.467675	178.000000	364.503636	-0.000587
203.632375	822.467726	132.000000	364.503613	-0.000587
201.378507	822.467690	314.000000	364.503629	-0.001874
206.626110	822.467638	126.000000	364.503652	-0.001874
202.190992	822.467566	198.000000	364.503684	-0.001874
210.693195	822.467492	162.000000	364.503717	-0.001874
207.237948	822.467461	150.000000	364.503731	-0.000587
209.415592	822.467389	142.000000	364.503763	-0.001874
207.209340	822.467350	126.000000	364.503780	-0.000587
211.159321	822.467318	122.000000	364.503794	-0.001874
202.227801	822.467324	190.000000	364.503792	-0.000587
205.318130	822.467357	88.000000	364.503777	-0.001874
207.117931	822.467492	162.000000	364.503717	-0.000587
194.092731	-3.000000	164.000000	-99930.819333	-0.000587
195.211976	-3.000000	134.000000	-99930.819333	-0.001874
191.786064	-3.000000	104.000000	-99930.819333	-0.000587
194.419443	-3.000000	114.000000	-99930.819333	-0.001874
199.773054	-3.000000	98.000000	-99930.819333	-0.001874
201.923705	-3.000000	140.000000	-99930.819333	-0.000587
206.695387	822.467280	160.000000	364.503811	-0.001874
208.402817	822.467268	136.000000	364.503816	-0.001874
205.598932	822.467298	114.000000	364.503803	-0.000587
203.310301	822.467342	98.000000	364.503783	-0.000587
205.275411	822.467393	168.000000	364.503761	-0.001874
207.468906	822.467440	118.000000	364.503740	-0.001874
210.023024	822.467491	180.000000	364.503718	-0.000587
202.475372	822.467554	154.000000	364.503690	-0.001874
202.262946	822.467623	124.000000	364.503659	-0.001874
204.750715	822.467659	126.000000	364.503643	-0.001874
206.676196	822.467710	198.000000	364.503620	-0.001874
208.699388	822.467753	174.000000	364.503601	-0.001874
211.322728	822.467666	170.000000	364.503640	-0.000587
204.858781	822.467671	146.000000	364.503638	-0.001874
207.458581	822.467672	192.000000	364.503637	-0.000587
206.317767	822.467682	162.000000	364.503633	-0.001874
203.295631	822.467751	226.000000	364.503602	-0.000587
201.713538	822.467812	208.000000	364.503575	-0.001874
206.785691	822.467846	230.000000	364.503560	-0.001874
208.086286	822.467912	254.000000	364.503531	-0.001874
206.846233	822.467948	304.000000	364.503515	-0.001874
209.168244	822.467924	356.000000	364.503525	-0.001874
210.206496	822.467906	364.000000	364.503533	-0.001874
213.654513	822.467918	342.000000	364.503528	-0.001874
211.310888	822.467925	474.000000	364.503525	-0.001874
209.839068	822.467978	448.000000	364.503502	-0.001874
214.453622	822.468015	526.000000	364.503485	-0.001874
210.660035	822.468024	578.000000	364.503481	-0.000587
211.530034	822.468080	654.000000	364.503456	-0.000587
210.516604	822.468114	672.000000	364.503441	-0.001874
212.091220	822.468114	838.000000	364.503441	-0.001874
210.330053	822.468127	1008.000000	364.503436	-0.000587
210.518725	822.468141	1060.000000	364.503430	-0.001874
211.037191	822.468158	1164.000000	364.503422	-0.001874
212.233210	822.468175	1218.000000	364.503414	-0.001874
213.171831	822.468191	1342.000000	364.503407	-0.001874
213.174923	822.468228	1290.000000	364.503391	-0.001874
211.239946	822.468293	1418.000000	364.503362	-0.000587
210.632938	822.468323	1656.000000	364.503349	-0.000587
208.685308	822.468341	1940.000000	364.503341	-0.001874
203.894896	822.468380	2334.000000	364.503323	-0.001874
206.192572	822.468408	2646.000000	364.503311	-0.001874
205.241681	822.468436	2792.000000	364.503299	-0.001874
207.868341	822.468463	3400.000000	364.503287	-0.000587
207.795477	822.468454	3328.000000	364.503291	-0.001874
214.675461	822.468466	3190.000000	364.503285	-0.000587
215.364964	822.468495	2820.000000	364.503272	-0.001874
210.524293	822.468545	2834.000000	364.503250	-0.000587
210.691152	822.468570	2912.000000	364.503239	-0.000587
210.124770	822.468594	3338.000000	364.503229	-0.001874
211.745500	822.468638	3124.000000	364.503209	-0.001874
208.714098	822.468691	3212.000000	364.503185	-0.001874
205.987233	822.468724	3554.000000	364.503171	-0.001874
206.782864	822.468760	3788.000000	364.503155	-0.000587
204.885143	822.468780	4180.000000	364.503146	-0.000587
205.989617	822.468800	4216.000000	364.503137	-0.000587
207.662857	822.468803	4132.000000	364.503136	-0.000587
211.140999	822.468791	3612.000000	364.503141	-0.000587
219.037486	822.468833	2870.000000	364.503123	-0.001874
217.720249	822.468906	2338.000000	364.503090	-0.001874
218.026291	822.468954	2114.000000	364.503069	-0.000587
213.735022	822.468999	2376.000000	364.503049	-0.001874
210.521595	822.469038	2318.000000	364.503032	-0.001874
209.268384	822.469059	2568.000000	364.503023	-0.001874
205.031057	822.469102	2510.000000	364.503004	-0.001874
203.208034	822.469135	2672.000000	364.502989	-0.001874
201.627605	822.469161	2642.000000	364.502977	-0.001874
205.294060	822.469159	2460.000000	364.502978	-0.001874
207.485565	822.469147	2446.000000	364.502983	-0.001874
213.145975	822.469120	1872.000000	364.502995	-0.001874
212.346672	822.469175	1422.000000	364.502971	-0.001874
211.029369	822.469221	1220.000000	364.502951	-0.001874
208.654746	822.469283	1222.000000	364.502923	-0.000587
207.988562	822.469338	1112.000000	364.502899	-0.001874
205.481578	822.469391	1180.000000	364.502875	-0.001874
201.699135	822.469432	1092.000000	364.502857	-0.001874
199.557402	822.469464	1116.000000	364.502843	-0.001874
197.809009	822.469491	1002.000000	364.502831	-0.001874
199.634245	822.469528	948.000000	364.502815	-0.000587
202.681620	822.469546	1000.000000	364.502807	-0.001874
198.496534	822.469549	770.000000	364.502806	-0.000587
201.171151	822.469569	696.000000	364.502797	-0.001874
202.082778	822.469564	670.000000	364.502799	-0.000587
205.629323	822.469604	596.000000	364.502781	-0.001874
199.026103	822.469647	544.000000	364.502762	-0.001874
201.093287	822.469703	480.000000	364.502737	-0.000587
198.713588	822.469752	368.000000	364.502716	-0.001874
197.797421	822.469795	332.000000	364.502697	-0.001874
198.297785	822.469817	300.000000	364.502687	-0.001874
198.098258	822.469835	284.000000	364.502679	-0.001874
202.291164	822.469850	380.000000	364.502672	-0.000587
198.806545	822.469866	272.000000	364.502665	-0.000587
202.245749	822.469889	276.000000	364.502655	-0.001874
197.297877	822.469918	194.000000	364.502642	-0.001874
200.859015	822.469956	198.000000	364.502625	-0.000587
199.471520	822.469990	176.000000	364.502610	-0.001874
195.133896	822.470017	138.000000	364.502598	-0.001874
196.727485	822.469964	204.000000	364.502621	-0.001874
197.899416	822.469930	198.000000	364.502637	-0.000587
200.087283	822.469915	164.000000	364.502643	-0.001874
197.363272	822.469893	232.000000	364.502653	-0.001874
201.431751	822.469871	294.000000	364.502663	-0.001874
198.950719	822.469858	218.000000	364.502669	-0.001874
197.055635	822.469831	272.000000	364.502681	-0.001874
199.630537	822.469819	298.000000	364.502686	-0.001874
198.712161	822.469798	286.000000	364.502695	-0.000587
200.759870	822.469746	360.000000	364.502718	-0.000587
200.567122	822.469691	350.000000	364.502743	-0.000587
204.408108	822.469638	406.000000	364.502766	-0.001874
205.511470	822.469599	472.000000	364.502783	-0.000587
205.524103	822.469551	470.000000	364.502805	-0.001874
204.875738	822.469510	472.000000	364.502823	-0.000587
203.901285	822.469517	540.000000	364.502820	-0.000587
202.986722	822.469527	672.000000	364.502815	-0.001874
198.270888	822.469505	854.000000	364.502825	-0.001874
200.361012	822.469485	882.000000	364.502834	-0.001874
198.498471	822.469464	1006.000000	364.502843	-0.000587
202.317115	822.469419	1128.000000	364.502863	-0.001874
