103.315736	794.605899	0.000000	377.284460	-0.102310	-0.001874
103.351623	794.605917	0.000000	377.284452	-0.052092	-0.001874
102.211522	794.605944	40810.000000	377.284439	-0.094584	-0.001874
103.260645	794.605950	41010.000000	377.284437	-0.094584	-0.001874
99.429395	794.605976	42450.000000	377.284424	-0.095872	-0.000587
99.275353	794.605989	40530.000000	377.284418	-0.095872	-0.000587
99.926377	794.605989	40530.000000	377.284418	-0.097159	-0.001874
101.596105	794.605990	41310.000000	377.284417	-0.093296	-0.001874
101.639697	794.605989	41080.000000	377.284418	-0.095872	-0.001874
102.077787	794.605989	41670.000000	377.284418	-0.095872	-0.001874
100.487302	794.606002	43460.000000	377.284412	-0.095872	-0.001874
100.890160	794.606117	38030.000000	377.284357	-0.095872	-0.001874
101.434969	794.606308	31940.000000	377.284266	-0.095872	-0.001874
100.465118	794.606346	25310.000000	377.284249	-0.095872	-0.000587
98.842611	794.606376	27740.000000	377.284234	-0.097159	-0.000587
99.922927	794.606372	28880.000000	377.284236	-0.095872	-0.000587
101.200914	794.606376	29530.000000	377.284234	-0.095872	-0.000587
100.332081	794.606392	30310.000000	377.284226	-0.094584	-0.001874
99.320321	794.606368	30940.000000	377.284238	-0.095872	-0.001874
100.913225	794.606362	28890.000000	377.284241	-0.095872	-0.001874
100.016739	794.606392	27710.000000	377.284227	-0.095872	-0.000587
100.355064	794.606382	30620.000000	377.284231	-0.095872	-0.001874
101.894507	794.606422	31030.000000	377.284212	-0.095872	-0.001874
101.048645	794.606502	34370.000000	377.284174	-0.094584	-0.000587
101.653809	794.606609	40650.000000	377.284124	-0.095872	-0.000587
99.310368	794.606624	44230.000000	377.284116	-0.095872	-0.001874
97.864164	794.606631	44890.000000	377.284113	-0.095872	-0.001874
97.336436	794.606636	45570.000000	377.284111	-0.095872	-0.001874
100.367901	794.606644	46130.000000	377.284107	-0.094584	-0.001874
102.468979	794.606667	44770.000000	377.284096	-0.097159	-0.001874
100.917621	794.606725	45200.000000	377.284069	-0.095872	-0.001874
103.062810	794.606743	46580.000000	377.284060	-0.095872	-0.000587
102.658418	794.606738	45730.000000	377.284062	-0.094584	-0.000587
100.006137	794.606767	47280.000000	377.284048	-0.095872	-0.001874
101.774020	794.606781	46180.000000	377.284042	-0.094584	-0.000587
102.501036	794.606791	46040.000000	377.284037	-0.095872	-0.001874
97.991250	794.606811	46250.000000	377.284028	-0.095872	-0.001874
97.613322	794.606813	46250.000000	377.284027	-0.097159	-0.000587
98.922039	794.606822	46000.000000	377.284022	-0.095872	-0.001874
99.794442	794.606830	46470.000000	377.284019	-0.095872	-0.001874
102.506364	794.606860	47000.000000	377.284004	-0.095872	-0.001874
102.515249	794.606893	46360.000000	377.283989	-0.095872	-0.001874
99.475662	794.606979	45790.000000	377.283948	-0.095872	-0.000587
99.167000	794.606988	47190.000000	377.283944	-0.095872	-0.001874
101.277124	794.607003	46290.000000	377.283936	-0.095872	-0.001874
103.385991	794.607010	47800.000000	377.283933	-0.095872	-0.001874
104.797051	794.607016	47510.000000	377.283930	-0.095872	-0.001874
104.854108	794.607027	47750.000000	377.283925	-0.094584	-0.001874
99.469819	794.607042	46440.000000	377.283918	-0.095872	-0.001874
103.345317	794.607063	48150.000000	377.283908	-0.095872	-0.001874
103.129062	794.607074	45960.000000	377.283903	-0.095872	-0.001874
101.397171	794.607105	47390.000000	377.283888	-0.095872	-0.001874
103.181645	794.607230	46890.000000	377.283828	-0.094584	-0.001874
102.457943	794.607287	47600.000000	377.283802	-0.095872	-0.001874
101.965129	794.607363	46790.000000	377.283766	-0.095872	-0.001874
102.050203	794.607381	46920.000000	377.283757	-0.095872	-0.001874
102.905872	794.607375	47470.000000	377.283760	-0.095872	-0.001874
101.297815	794.607408	47110.000000	377.283744	-0.097159	-0.001874
102.534739	794.607473	48510.000000	377.283713	-0.095872	-0.000587
102.493446	794.607433	48290.000000	377.283732	-0.095872	-0.000587
99.693837	794.607385	48220.000000	377.283755	-0.095872	-0.001874
99.699061	794.607387	49200.000000	377.283754	-0.095872	-0.001874
101.524187	794.607374	46940.000000	377.283760	-0.095872	-0.001874
102.489913	794.607358	47830.000000	377.283768	-0.095872	-0.001874
102.459986	794.607356	48700.000000	377.283769	-0.095872	-0.001874
99.801854	794.607348	48400.000000	377.283773	-0.095872	-0.001874
98.201947	794.607282	48870.000000	377.283804	-0.095872	-0.001874
100.392753	794.607217	48280.000000	377.283835	-0.095872	-0.001874
102.611687	794.607109	49220.000000	377.283886	-0.095872	-0.001874
99.449330	794.607094	49700.000000	377.283893	-0.095872	-0.001874
97.669350	794.607081	47830.000000	377.283899	-0.094584	-0.001874
102.870077	794.607069	47480.000000	377.283905	-0.095872	-0.001874
101.909260	794.607037	49460.000000	377.283920	-0.095872	-0.000587
101.366165	794.606992	48430.000000	377.283942	-0.095872	-0.001874
102.354907	794.606939	46970.000000	377.283967	-0.095872	-0.001874
104.249519	794.606913	47220.000000	377.283979	-0.095872	-0.000587
102.061827	794.606893	47970.000000	377.283989	-0.095872	-0.001874
101.838459	794.606884	46800.000000	377.283993	-0.095872	-0.001874
104.505628	794.606862	47460.000000	377.284004	-0.095872	-0.000587
101.656817	794.606840	47930.000000	377.284014	-0.095872	-0.001874
104.763878	794.606831	46910.000000	377.284018	-0.097159	-0.000587
100.295027	794.606803	46840.000000	377.284031	-0.095872	-0.001874
102.950795	794.606792	46770.000000	377.284036	-0.095872	-0.000587
100.657313	794.606780	45610.000000	377.284042	-0.095872	-0.000587
99.568310	794.606765	46670.000000	377.284049	-0.095872	-0.001874
101.988729	794.606753	47390.000000	377.284055	-0.095872	-0.001874
102.337632	794.606737	45520.000000	377.284063	-0.095872	-0.001874
99.980737	794.606739	45740.000000	377.284062	-0.095872	-0.001874
99.835147	794.606734	45260.000000	377.284064	-0.095872	-0.001874
99.357385	794.606738	47110.000000	377.284062	-0.095872	-0.001874
100.302940	794.606719	45080.000000	377.284071	-0.095872	-0.000587
99.881723	794.606700	45470.000000	377.284080	-0.097159	-0.001874
100.104956	794.606626	46350.000000	377.284115	-0.097159	-0.001874
100.012595	794.606614	45340.000000	377.284121	-0.095872	-0.001874
101.083189	794.606590	45690.000000	377.284133	-0.097159	-0.001874
102.869895	794.606585	44130.000000	377.284135	-0.095872	-0.001874
102.398589	794.606572	44200.000000	377.284141	-0.097159	-0.000587
101.828275	794.606461	42620.000000	377.284194	-0.095872	-0.001874
101.565873	794.606448	38380.000000	377.284200	-0.095872	-0.001874
104.429947	794.606384	36470.000000	377.284230	-0.095872	-0.001874
99.791341	794.606389	32170.000000	377.284228	-0.095872	-0.000587
101.912772	794.606372	32260.000000	377.284236	-0.095872	-0.001874
100.781575	794.606353	30840.000000	377.284245	-0.095872	-0.001874
100.682953	794.606287	29480.000000	377.284276	-0.097159	-0.001874
99.684502	794.606189	28430.000000	377.284323	-0.095872	-0.000587
99.681458	794.606159	29970.000000	377.284337	-0.095872	-0.001874
100.046266	794.606141	32600.000000	377.284346	-0.097159	-0.000587
100.182097	794.606102	35900.000000	377.284364	-0.097159	-0.000587
100.103018	794.606060	39950.000000	377.284384	-0.095872	-0.001874
98.484961	794.606035	41000.000000	377.284396	-0.095872	-0.001874
102.374572	794.606025	42340.000000	377.284401	-0.095872	-0.001874
100.788187	794.606008	41410.000000	377.284409	-0.095872	-0.001874
97.514486	794.605998	42620.000000	377.284414	-0.095872	-0.001874
101.435202	794.605987	43390.000000	377.284419	-0.095872	-0.000587
104.267640	794.605980	42670.000000	377.284422	-0.097159	-0.001874
104.735166	794.605975	42700.000000	377.284424	-0.097159	-0.001874
101.320402	794.605969	41180.000000	377.284427	-0.097159	-0.000587
100.128907	794.605957	42460.000000	377.284433	-0.097159	-0.001874
100.801931	794.605934	41670.000000	377.284444	-0.095872	-0.001874
102.239266	794.605883	40620.000000	377.284468	-0.095872	-0.001874
102.033289	794.605821	33350.000000	377.284498	-0.097159	-0.000587
101.233673	794.605781	27050.000000	377.284517	-0.095872	-0.001874
104.288278	794.605762	23680.000000	377.284526	-0.097159	-0.001874
104.082310	794.605754	23520.000000	377.284529	-0.097159	-0.001874
100.070749	794.605743	26630.000000	377.284535	-0.095872	-0.000587
98.983626	794.605735	27590.000000	377.284539	-0.097159	-0.000587
99.575944	794.605719	28820.000000	377.284546	-0.097159	-0.001874
104.386844	794.605710	30110.000000	377.284550	-0.097159	-0.001874
103.617785	794.605709	33350.000000	377.284551	-0.097159	-0.001874
102.433066	794.605683	33680.000000	377.284563	-0.097159	-0.001874
105.216637	794.605669	35810.000000	377.284570	-0.097159	-0.001874
98.998965	794.605656	36900.000000	377.284576	-0.097159	-0.000587
101.523979	794.605631	37770.000000	377.284588	-0.097159	-0.001874
103.627483	794.605630	38890.000000	377.284588	-0.097159	-0.001874
102.116398	794.605614	38000.000000	377.284596	-0.097159	-0.001874
98.175869	794.605605	40620.000000	377.284600	-0.097159	-0.000587
99.768900	794.605570	40160.000000	377.284617	-0.097159	-0.001874
100.795662	794.605399	39040.000000	377.284698	-0.095872	-0.000587
102.853172	794.605371	34470.000000	377.284711	-0.097159	-0.001874
100.116039	794.605358	31040.000000	377.284718	-0.097159	-0.001874
100.455686	794.605303	27980.000000	377.284743	-0.095872	-0.001874
100.654690	794.605244	29110.000000	377.284771	-0.097159	-0.001874
99.405201	794.605185	39910.000000	377.284800	-0.097159	-0.001874
99.373680	794.605174	42460.000000	377.284805	-0.095872	-0.001874
100.936452	794.605136	44800.000000	377.284823	-0.095872	-0.000587
101.548920	794.605142	45370.000000	377.284820	-0.108748	-0.001874
99.457596	794.605124	45370.000000	377.284829	-0.090721	-0.001874
100.440843	794.605102	46340.000000	377.284839	-0.097159	-0.000587
100.731455	794.605028	45990.000000	377.284874	-0.097159	-0.001874
98.913938	794.605009	48100.000000	377.284883	-0.095872	-0.001874
97.903730	794.605005	47220.000000	377.284885	-0.099735	-0.000587
100.051316	794.604990	47220.000000	377.284892	-0.081708	-0.001874
101.527691	794.604991	47740.000000	377.284892	-0.095872	-0.001874
103.054600	794.604976	46450.000000	377.284899	-0.097159	-0.001874
99.862782	794.604952	49700.000000	377.284910	-0.097159	-0.000587
101.569180	794.604950	49330.000000	377.284911	-0.097159	-0.000587
101.491065	794.604920	48770.000000	377.284926	-0.097159	-0.000587
103.025531	794.604892	49790.000000	377.284939	-0.097159	-0.001874
102.915797	794.604885	50180.000000	377.284942	-0.097159	-0.000587
102.143551	794.604860	49440.000000	377.284954	-0.097159	-0.000587
102.518099	794.604844	50040.000000	377.284962	-0.097159	-0.001874
102.362492	794.604814	50000.000000	377.284976	-0.095872	-0.001874
102.078218	794.604793	48520.000000	377.284986	-0.097159	-0.000587
101.588753	794.604779	48280.000000	377.284992	-0.098447	-0.001874
102.149474	794.604731	49030.000000	377.285015	-0.097159	-0.001874
102.257712	794.604722	49450.000000	377.285019	-0.097159	-0.001874
101.771355	794.604663	48630.000000	377.285047	-0.097159	-0.001874
101.007493	794.604635	50700.000000	377.285061	-0.097159	-0.001874
100.964204	794.604605	49590.000000	377.285075	-0.095872	-0.001874
102.049444	794.604590	49100.000000	377.285082	-0.097159	-0.000587
101.579715	794.604558	50360.000000	377.285097	-0.097159	-0.000587
102.336714	794.604541	50590.000000	377.285105	-0.097159	-0.001874
102.836267	794.604523	49770.000000	377.285114	-0.097159	-0.001874
101.793137	794.604437	48640.000000	377.285155	-0.097159	-0.000587
100.889243	794.604373	49160.000000	377.285185	-0.095872	-0.001874
101.883104	794.604338	49180.000000	377.285202	-0.097159	-0.000587
101.430311	794.604315	48870.000000	377.285213	-0.097159	-0.001874
101.559501	794.604293	49680.000000	377.285223	-0.097159	-0.001874
101.872928	794.604290	48330.000000	377.285225	-0.097159	-0.001874
100.649966	794.604262	48800.000000	377.285238	-0.097159	-0.001874
101.900650	794.604248	47600.000000	377.285245	-0.097159	-0.001874
101.623081	794.604228	48270.000000	377.285254	-0.097159	-0.001874
99.825809	794.604218	48860.000000	377.285259	-0.097159	-0.001874
101.841363	794.604202	48930.000000	377.285266	-0.097159	-0.001874
102.882324	794.604206	48050.000000	377.285265	-0.097159	-0.001874
99.724689	794.604217	48390.000000	377.285259	-0.097159	-0.001874
100.092693	794.604215	47630.000000	377.285260	-0.095872	-0.001874
104.153376	794.604232	47750.000000	377.285252	-0.097159	-0.001874
103.287378	794.604228	48230.000000	377.285254	-0.097159	-0.001874
101.946498	794.604238	47780.000000	377.285249	-0.097159	-0.001874
101.223700	794.604265	48160.000000	377.285236	-0.097159	-0.000587
101.724325	794.604288	48060.000000	377.285226	-0.097159	-0.001874
100.638333	794.604319	47090.000000	377.285211	-0.097159	-0.000587
100.718636	794.604399	48630.000000	377.285173	-0.097159	-0.001874
101.663286	794.604423	48990.000000	377.285161	-0.097159	-0.000587
101.079913	794.604462	48390.000000	377.285143	-0.097159	-0.001874
101.442627	794.604472	47850.000000	377.285138	-0.095872	-0.001874
101.666256	794.604534	47580.000000	377.285109	-0.095872	-0.000587
100.564699	794.604604	48380.000000	377.285075	-0.097159	-0.001874
101.454737	794.604606	47840.000000	377.285074	-0.097159	-0.001874
100.150124	794.604621	49080.000000	377.285067	-0.097159	-0.000587
100.177000	794.604658	48410.000000	377.285050	-0.095872	-0.001874
99.650488	794.604694	48280.000000	377.285033	-0.097159	-0.001874
99.496878	794.604721	49000.000000	377.285020	-0.095872	-0.001874
99.816614	794.604754	49420.000000	377.285004	-0.097159	-0.000587
99.786938	794.604759	48140.000000	377.285002	-0.097159	-0.000587
99.498053	794.604798	49420.000000	377.284984	-0.097159	-0.001874
100.096868	794.604803	48740.000000	377.284981	-0.097159	-0.001874
100.070728	794.604834	48780.000000	377.284966	-0.097159	-0.000587
100.021277	794.604859	50600.000000	377.284954	-0.095872	-0.000587
98.038182	794.604896	49120.000000	377.284937	-0.097159	-0.000587
100.837767	794.604908	49040.000000	377.284931	-0.098447	-0.000587
98.632178	794.604935	48420.000000	377.284918	-0.098447	-0.001874
98.127452	794.604940	49840.000000	377.284916	-0.098447	-0.001874
99.159832	794.604952	49060.000000	377.284910	-0.098447	-0.000587
101.287268	794.604962	48600.000000	377.284906	-0.098447	-0.001874
97.716536	794.604975	49470.000000	377.284899	-0.098447	-0.001874
100.163928	794.604989	48980.000000	377.284892	-0.098447	-0.001874
100.671831	794.604997	48390.000000	377.284889	-0.098447	-0.000587
100.600733	794.605016	47640.000000	377.284880	-0.098447	-0.000587
100.449029	794.605036	48280.000000	377.284870	-0.097159	-0.001874
101.681740	794.605052	49430.000000	377.284863	-0.098447	-0.001874
101.094317	794.605078	47440.000000	377.284850	-0.097159	-0.001874
100.429747	794.605121	47570.000000	377.284830	-0.097159	-0.001874
102.044360	794.605172	46820.000000	377.284806	-0.098447	-0.001874
100.487194	794.605222	45180.000000	377.284782	-0.098447	-0.000587
100.556962	794.605230	43170.000000	377.284778	-0.098447	-0.001874
99.325385	794.605241	42170.000000	377.284773	-0.098447	-0.000587
101.786338	794.605252	42350.000000	377.284768	-0.098447	-0.001874
100.911352	794.605301	39680.000000	377.284744	-0.098447	-0.000587
98.874198	794.605381	37970.000000	377.284707	-0.097159	-0.001874
100.922774	794.605390	33120.000000	377.284702	-0.097159	-0.001874
100.340203	794.605396	32330.000000	377.284700	-0.097159	-0.001874
100.695757	794.605530	33990.000000	377.284636	-0.097159	-0.001874
101.274168	794.605601	37960.000000	377.284602	-0.097159	-0.001874
100.001538	794.605604	39760.000000	377.284600	-0.098447	-0.000587
99.716322	794.605619	40040.000000	377.284594	-0.097159	-0.000587
101.580471	794.605633	39190.000000	377.284587	-0.097159	-0.000587
102.788800	794.605634	39420.000000	377.284586	-0.097159	-0.001874
99.886291	794.605644	39150.000000	377.284582	-0.097159	-0.000587
99.388334	794.605664	37720.000000	377.284572	-0.097159	-0.001874
101.448731	794.605682	37010.000000	377.284564	-0.095872	-0.001874
100.309960	794.605703	34030.000000	377.284554	-0.097159	-0.001874
100.242607	794.605710	31550.000000	377.284550	-0.097159	-0.001874
101.110007	794.605753	29060.000000	377.284530	-0.098447	-0.000587
101.785192	794.605796	25680.000000	377.284509	-0.097159	-0.001874
100.996724	794.605850	28270.000000	377.284484	-0.097159	-0.000587
102.068682	794.605853	32240.000000	377.284483	-0.097159	-0.001874
101.463771	794.605856	34830.000000	377.284481	-0.097159	-0.001874
103.898899	794.605891	36370.000000	377.284464	-0.097159	-0.001874
100.495783	794.605907	38560.000000	377.284457	-0.097159	-0.001874
99.475026	794.605915	39330.000000	377.284453	-0.095872	-0.001874
103.211133	794.605927	39680.000000	377.284447	-0.095872	-0.001874
99.108706	794.605944	40590.000000	377.284439	-0.095872	-0.000587
97.650998	794.605965	41150.000000	377.284429	-0.095872	-0.000587
102.669920	794.605967	41440.000000	377.284428	-0.095872	-0.000587
100.506535	794.605981	40700.000000	377.284422	-0.097159	-0.001874
99.874280	794.605983	43270.000000	377.284421	-0.097159	-0.000587
101.954018	794.606006	42030.000000	377.284410	-0.095872	-0.001874
104.500216	794.606018	42570.000000	377.284404	-0.095872	-0.001874
103.099205	794.606025	42060.000000	377.284401	-0.095872	-0.001874
102.119639	794.606060	43310.000000	377.284384	-0.095872	-0.000587
100.761167	794.606098	42250.000000	377.284366	-0.095872	-0.001874
102.135101	794.606198	40410.000000	377.284319	-0.095872	-0.000587
102.314235	794.606217	35930.000000	377.284309	-0.095872	-0.001874
102.970891	794.606240	34410.000000	377.284299	-0.095872	-0.000587
100.854982	794.606335	32070.000000	377.284254	-0.097159	-0.001874
100.692876	794.606393	29810.000000	377.284226	-0.095872	-0.000587
103.120746	794.606430	27510.000000	377.284208	-0.095872	-0.001874
101.763687	794.606426	28350.000000	377.284211	-0.094584	-0.001874
101.670016	794.606440	30720.000000	377.284204	-0.095872	-0.001874
101.560975	794.606491	30610.000000	377.284180	-0.095872	-0.001874
102.641927	794.606613	38850.000000	377.284122	-0.095872	-0.001874
99.722642	794.606623	45390.000000	377.284117	-0.095872	-0.001874
98.787816	794.606629	46610.000000	377.284114	-0.095872	-0.000587
98.752209	794.606636	46210.000000	377.284110	-0.095872	-0.000587
101.740185	794.606636	46600.000000	377.284111	-0.095872	-0.001874
103.987868	794.606638	46520.000000	377.284110	-0.094584	-0.000587
103.464846	794.606649	47370.000000	377.284104	-0.094584	-0.001874
101.423764	794.606649	45980.000000	377.284105	-0.095872	-0.001874
100.398796	794.606660	47000.000000	377.284099	-0.095872	-0.000587
101.691684	794.606674	47110.000000	377.284093	-0.095872	-0.001874
100.600129	794.606675	47440.000000	377.284092	-0.095872	-0.001874
101.770497	794.606739	48550.000000	377.284062	-0.097159	-0.001874
102.024601	794.606765	47360.000000	377.284050	-0.095872	-0.001874
101.052061	794.606780	49350.000000	377.284042	-0.094584	-0.001874
100.948245	794.606794	49240.000000	377.284036	-0.095872	-0.000587
104.560457	794.606804	48400.000000	377.284031	-0.095872	-0.001874
103.973645	794.606807	49190.000000	377.284030	-0.097159	-0.000587
100.300958	794.606815	49580.000000	377.284026	-0.095872	-0.001874
99.873803	794.606836	49740.000000	377.284016	-0.095872	-0.001874
102.203833	794.606856	50260.000000	377.284006	-0.095872	-0.001874
99.263583	794.606932	50260.000000	377.283970	-0.095872	-0.001874
98.651914	794.606953	49890.000000	377.283960	-0.095872	-0.001874
101.874865	794.607011	51030.000000	377.283933	-0.095872	-0.000587
102.720955	794.607009	50600.000000	377.283933	-0.095872	-0.001874
99.257012	794.607022	50650.000000	377.283927	-0.095872	-0.001874
100.938281	794.607044	49670.000000	377.283917	-0.095872	-0.001874
103.351180	794.607045	50340.000000	377.283916	-0.097159	-0.000587
99.769393	794.607069	51360.000000	377.283905	-0.095872	-0.000587
103.997077	794.607127	51440.000000	377.283878	-0.095872	-0.000587
100.157909	794.607214	51600.000000	377.283836	-0.094584	-0.001874
102.313591	794.607329	52680.000000	377.283782	-0.095872	-0.001874
102.900669	794.607358	52820.000000	377.283768	-0.095872	-0.001874
101.869045	794.607363	52940.000000	377.283765	-0.094584	-0.001874
103.334397	794.607380	52830.000000	377.283757	-0.094584	-0.000587
104.392372	794.607387	52160.000000	377.283754	-0.095872	-0.000587
101.293467	794.607444	53230.000000	377.283727	-0.094584	-0.000587
101.262711	794.607484	53990.000000	377.283708	-0.095872	-0.000587
100.411552	794.607442	54610.000000	377.283728	-0.095872	-0.001874
98.821792	794.607408	52330.000000	377.283744	-0.094584	-0.000587
103.688392	794.607387	53220.000000	377.283754	-0.095872	-0.001874
103.497305	794.607381	52340.000000	377.283757	-0.095872	-0.000587
102.680388	794.607382	53730.000000	377.283756	-0.095872	-0.000587
100.211442	794.607369	51960.000000	377.283763	-0.094584	-0.001874
97.717882	794.607353	52960.000000	377.283770	-0.095872	-0.001874
99.577904	794.607262	54030.000000	377.283814	-0.095872	-0.001874
102.570642	794.607228	51840.000000	377.283829	-0.095872	-0.001874
100.619146	794.607137	52390.000000	377.283873	-0.095872	-0.001874
100.918429	794.607118	53800.000000	377.283882	-0.095872	-0.000587
98.996328	794.607094	52240.000000	377.283893	-0.095872	-0.001874
101.134503	794.607069	52480.000000	377.283905	-0.095872	-0.001874
100.991200	794.607053	52190.000000	377.283913	-0.095872	-0.001874
100.398643	794.606962	51620.000000	377.283956	-0.095872	-0.001874
99.334480	794.606967	51310.000000	377.283953	-0.097159	-0.000587
100.883783	794.606922	52760.000000	377.283975	-0.095872	-0.001874
99.810180	794.606898	51350.000000	377.283986	-0.095872	-0.001874
99.304450	794.606886	51070.000000	377.283992	-0.095872	-0.000587
99.313820	794.606878	49500.000000	377.283996	-0.095872	-0.000587
98.277698	794.606852	50790.000000	377.284008	-0.095872	-0.001874
101.043368	794.606836	50500.000000	377.284015	-0.095872	-0.001874
101.487533	794.606813	50830.000000	377.284026	-0.095872	-0.001874
100.072543	794.606813	49540.000000	377.284027	-0.097159	-0.001874
101.325875	794.606790	48580.000000	377.284038	-0.097159	-0.001874
103.137842	794.606780	49000.000000	377.284042	-0.097159	-0.001874
99.270887	794.606762	48750.000000	377.284051	-0.097159	-0.000587
99.054186	794.606766	48940.000000	377.284049	-0.097159	-0.001874
100.091642	794.606735	49050.000000	377.284064	-0.095872	-0.001874
100.603753	794.606724	48280.000000	377.284069	-0.097159	-0.001874
99.995364	794.606704	48480.000000	377.284078	-0.095872	-0.001874
100.233260	794.606681	47150.000000	377.284089	-0.097159	-0.000587
100.457620	794.606667	48260.000000	377.284096	-0.097159	-0.001874
100.089368	794.606635	47430.000000	377.284111	-0.097159	-0.000587
99.471354	794.606623	46050.000000	377.284117	-0.097159	-0.000587
101.251720	794.606613	46680.000000	377.284121	-0.095872	-0.001874
103.059830	794.606599	45990.000000	377.284128	-0.097159	-0.001874
99.281382	794.606586	43850.000000	377.284135	-0.097159	-0.001874
98.199931	794.606573	45130.000000	377.284140	-0.097159	-0.001874
99.186244	794.606571	44820.000000	377.284142	-0.097159	-0.001874
98.027423	794.606569	44280.000000	377.284142	-0.098447	-0.001874
97.952807	794.606507	42870.000000	377.284172	-0.097159	-0.001874
97.928770	794.606407	31250.000000	377.284219	-0.097159	-0.001874
100.951938	794.606395	22490.000000	377.284225	-0.097159	-0.000587
99.010682	794.606406	20430.000000	377.284220	-0.097159	-0.001874
102.244900	794.606370	21190.000000	377.284237	-0.097159	-0.001874
102.498660	794.606292	24710.000000	377.284274	-0.098447	-0.000587
102.688315	794.606214	29480.000000	377.284311	-0.098447	-0.001874
102.005666	794.606199	38420.000000	377.284318	-0.098447	-0.000587
101.960628	794.606124	41230.000000	377.284354	-0.098447	-0.000587
101.632758	794.606069	41550.000000	377.284380	-0.098447	-0.000587
100.892379	794.606012	43420.000000	377.284407	-0.097159	-0.001874
103.151439	794.606001	44940.000000	377.284412	-0.098447	-0.001874
104.465270	794.605998	44050.000000	377.284414	-0.098447	-0.001874
104.456746	794.605983	43550.000000	377.284421	-0.098447	-0.001874
100.524662	794.605971	43090.000000	377.284427	-0.097159	-0.001874
100.984152	794.605966	42190.000000	377.284429	-0.098447	-0.000587
102.302798	794.605961	41390.000000	377.284431	-0.098447	-0.001874
103.182216	794.605952	41160.000000	377.284435	-0.098447	-0.001874
100.441330	794.605937	39420.000000	377.284443	-0.098447	-0.001874
99.931232	794.605926	38190.000000	377.284448	-0.098447	-0.000587
101.550403	794.605908	35640.000000	377.284456	-0.098447	-0.000587
102.269327	794.605823	32080.000000	377.284496	-0.098447	-0.000587
99.304844	794.605781	31230.000000	377.284517	-0.098447	-0.000587
98.880727	794.605767	36940.000000	377.284523	-0.098447	-0.001874
101.145594	794.605738	39850.000000	377.284537	-0.098447	-0.000587
102.559825	794.605735	42440.000000	377.284539	-0.098447	-0.001874
98.343532	794.605715	42160.000000	377.284548	-0.098447	-0.000587
98.374779	794.605700	44340.000000	377.284555	-0.099735	-0.001874
103.150981	794.605693	42970.000000	377.284558	-0.098447	-0.001874
99.982687	794.605670	44690.000000	377.284569	-0.098447	-0.001874
103.014296	794.605657	44610.000000	377.284576	-0.099735	-0.001874
103.812116	794.605646	44660.000000	377.284581	-0.099735	-0.001874
99.308248	794.605639	45580.000000	377.284584	-0.099735	-0.000587
98.631561	794.605633	46750.000000	377.284587	-0.099735	-0.000587
104.552077	794.605616	45480.000000	377.284595	-0.098447	-0.001874
103.234646	794.605604	45080.000000	377.284601	-0.099735	-0.001874
98.673608	794.605594	45080.000000	377.284605	-0.098447	-0.001874
99.413546	794.605583	44790.000000	377.284610	-0.097159	-0.000587
101.792363	794.605567	45040.000000	377.284618	-0.098447	-0.001874
102.139319	794.605518	42020.000000	377.284642	-0.099735	-0.001874
101.840481	794.605423	34850.000000	377.284687	-0.099735	-0.000587
101.987684	794.605417	28290.000000	377.284689	-0.098447	-0.001874
101.777657	794.605408	28600.000000	377.284694	-0.097159	-0.001874
101.363292	794.605382	30930.000000	377.284706	-0.098447	-0.001874
99.831069	794.605378	33200.000000	377.284708	-0.098447	-0.001874
101.687997	794.605286	38650.000000	377.284751	-0.098447	-0.001874
101.652220	794.605181	44760.000000	377.284802	-0.098447	-0.001874
101.656396	794.605147	50760.000000	377.284818	-0.098447	-0.001874
102.220561	794.605059	49760.000000	377.284859	-0.099735	-0.000587
101.843968	794.605002	50950.000000	377.284887	-0.098447	-0.001874
102.328917	794.604989	51480.000000	377.284893	-0.098447	-0.001874
103.385262	794.604974	51870.000000	377.284900	-0.098447	-0.001874
102.848862	794.604966	53050.000000	377.284904	-0.098447	-0.000587
100.405429	794.604956	52480.000000	377.284908	-0.099735	-0.001874
100.719723	794.604953	52950.000000	377.284910	-0.099735	-0.000587
99.253195	794.604956	53150.000000	377.284908	-0.098447	-0.001874
99.481070	794.604939	53310.000000	377.284917	-0.099735	-0.000587
97.879270	794.604941	52410.000000	377.284916	-0.098447	-0.001874
101.456811	794.604920	53670.000000	377.284925	-0.098447	-0.001874
100.011083	794.604885	53610.000000	377.284942	-0.099735	-0.001874
99.768271	794.604892	53620.000000	377.284939	-0.099735	-0.001874
100.142542	794.604855	53080.000000	377.284956	-0.099735	-0.000587
100.574365	794.604830	53370.000000	377.284968	-0.099735	-0.001874
100.341483	794.604811	52170.000000	377.284977	-0.099735	-0.000587
101.254684	794.604791	52760.000000	377.284987	-0.098447	-0.001874
100.501880	794.604770	53260.000000	377.284996	-0.099735	-0.000587
100.243543	794.604764	52700.000000	377.284999	-0.098447	-0.000587
101.073453	794.604675	52200.000000	377.285042	-0.099735	-0.000587
101.567538	794.604659	52700.000000	377.285049	-0.099735	-0.000587
101.227882	794.604601	52790.000000	377.285077	-0.098447	-0.001874
101.142653	794.604589	53480.000000	377.285083	-0.099735	-0.000587
102.283235	794.604573	52420.000000	377.285090	-0.099735	-0.000587
99.434416	794.604559	54190.000000	377.285097	-0.099735	-0.001874
101.603593	794.604538	53430.000000	377.285107	-0.099735	-0.000587
100.864533	794.604533	52630.000000	377.285109	-0.099735	-0.000587
100.811345	794.604503	53410.000000	377.285123	-0.101022	-0.001874
100.200417	794.604455	52150.000000	377.285146	-0.098447	-0.001874
100.109868	794.604331	52920.000000	377.285205	-0.101022	-0.000587
99.827279	794.604320	51290.000000	377.285210	-0.101022	-0.001874
100.707888	794.604266	52820.000000	377.285236	-0.099735	-0.000587
99.817564	794.604255	51760.000000	377.285241	-0.099735	-0.001874
99.565625	794.604235	52650.000000	377.285250	-0.101022	-0.000587
99.975025	794.604220	51570.000000	377.285258	-0.101022	-0.001874
98.971889	794.604193	52650.000000	377.285271	-0.099735	-0.001874
100.036131	794.604188	52640.000000	377.285273	-0.101022	-0.001874
99.412459	794.604209	53120.000000	377.285263	-0.099735	-0.001874
99.713384	794.604215	50840.000000	377.285260	-0.101022	-0.001874
99.033496	794.604240	52820.000000	377.285248	-0.099735	-0.001874
99.126171	794.604291	52550.000000	377.285224	-0.101022	-0.001874
99.301478	794.604324	52410.000000	377.285209	-0.099735	-0.001874
99.901895	794.604437	52610.000000	377.285155	-0.101022	-0.001874
99.633698	794.604430	50860.000000	377.285158	-0.099735	-0.000587
99.901614	794.604491	52280.000000	377.285129	-0.101022	-0.000587
99.779914	794.604524	50480.000000	377.285114	-0.101022	-0.000587
99.953664	794.604531	51870.000000	377.285110	-0.101022	-0.000587
100.086651	794.604569	51990.000000	377.285092	-0.101022	-0.001874
99.469843	794.604583	52130.000000	377.285085	-0.101022	-0.000587
99.452824	794.604595	52240.000000	377.285080	-0.101022	-0.001874
100.867446	794.604616	51550.000000	377.285070	-0.102310	-0.000587
99.506990	794.604643	51030.000000	377.285057	-0.101022	-0.001874
99.850829	794.604658	52560.000000	377.285050	-0.101022	-0.001874
99.379518	794.604674	53320.000000	377.285042	-0.102310	-0.001874
99.004502	794.604702	51640.000000	377.285029	-0.102310	-0.000587
100.925120	794.604730	53100.000000	377.285016	-0.102310	-0.001874
100.465135	794.604752	52860.000000	377.285005	-0.102310	-0.001874
100.108458	794.604786	52720.000000	377.284989	-0.101022	-0.001874
100.165196	794.604800	53530.000000	377.284982	-0.102310	-0.001874
100.251708	794.604830	53490.000000	377.284968	-0.102310	-0.001874
100.326722	794.604850	53610.000000	377.284959	-0.102310	-0.000587
100.626410	794.604874	52360.000000	377.284947	-0.102310	-0.000587
100.951025	794.604908	53710.000000	377.284931	-0.102310	-0.001874
101.520691	794.604915	52610.000000	377.284928	-0.102310	-0.001874
101.625909	794.604939	53300.000000	377.284917	-0.102310	-0.001874
102.024741	794.604950	52760.000000	377.284911	-0.102310	-0.001874
101.977587	794.604968	53410.000000	377.284903	-0.103598	-0.001874
101.260578	794.604976	53690.000000	377.284899	-0.102310	-0.000587
104.024086	794.604987	51550.000000	377.284894	-0.102310	-0.001874
103.971365	794.604991	52470.000000	377.284892	-0.103598	-0.001874
100.585681	794.605006	52500.000000	377.284885	-0.102310	-0.001874
99.084874	794.605007	51840.000000	377.284884	-0.102310	-0.001874
100.837830	794.605019	51740.000000	377.284878	-0.103598	-0.001874
102.743485	794.605034	52620.000000	377.284871	-0.102310	-0.001874
101.754973	794.605057	50720.000000	377.284860	-0.102310	-0.001874
101.482105	794.605118	51450.000000	377.284831	-0.102310	-0.001874
101.865916	794.605118	50960.000000	377.284832	-0.103598	-0.001874
101.189337	794.605241	50830.000000	377.284773	-0.103598	-0.001874
101.766033	794.605256	50210.000000	377.284766	-0.103598	-0.001874
102.351712	794.605296	48440.000000	377.284747	-0.102310	-0.000587
102.459266	794.605339	44830.000000	377.284727	-0.102310	-0.001874
102.099543	794.605408	40880.000000	377.284694	-0.103598	-0.000587
102.652209	794.605446	32750.000000	377.284676	-0.102310	-0.001874
103.142694	794.605455	29890.000000	377.284672	-0.102310	-0.001874
103.866377	794.605454	29640.000000	377.284672	-0.103598	-0.001874
102.415432	794.605625	37260.000000	377.284591	-0.102310	-0.001874
100.655780	794.605625	45420.000000	377.284591	-0.102310	-0.001874
99.319095	794.605643	45640.000000	377.284582	-0.102310	-0.001874
100.989056	794.605646	44730.000000	377.284581	-0.103598	-0.001874
104.198795	794.605655	44770.000000	377.284576	-0.103598	-0.000587
103.555060	794.605660	44360.000000	377.284574	-0.103598	-0.001874
101.306091	794.605672	44810.000000	377.284568	-0.103598	-0.000587
99.372091	794.605676	45710.000000	377.284566	-0.102310	-0.001874
100.067132	794.605682	44200.000000	377.284564	-0.104885	-0.001874
102.296813	794.605687	44280.000000	377.284561	-0.103598	-0.000587
103.704369	794.605699	44150.000000	377.284556	-0.103598	-0.001874
101.660475	794.605712	43330.000000	377.284549	-0.104885	-0.001874
101.055111	794.605713	42210.000000	377.284549	-0.103598	-0.001874
101.922167	794.605769	41950.000000	377.284522	-0.103598	-0.001874
102.401449	794.605806	36480.000000	377.284505	-0.102310	-0.001874
100.414069	794.605837	29920.000000	377.284490	-0.102310	-0.001874
99.066481	794.605886	26510.000000	377.284467	-0.102310	-0.001874
100.373653	794.605881	27120.000000	377.284469	-0.103598	-0.001874
99.059764	794.605917	30030.000000	377.284452	-0.103598	-0.001874
101.820404	794.605938	33580.000000	377.284442	-0.103598	-0.001874
100.835678	794.605952	36930.000000	377.284435	-0.102310	-0.001874
100.166746	794.605973	37440.000000	377.284426	-0.099735	-0.000587
100.286702	794.605977	40100.000000	377.284423	-0.102310	-0.001874
102.117139	794.605979	40480.000000	377.284422	-0.103598	-0.001874
99.399509	794.606003	41270.000000	377.284411	-0.103598	-0.001874
98.985367	794.606008	42280.000000	377.284409	-0.102310	-0.001874
98.980146	794.606014	43190.000000	377.284406	-0.103598	-0.001874
102.104745	794.606039	44130.000000	377.284394	-0.103598	-0.000587
102.737830	794.606100	43170.000000	377.284365	-0.103598	-0.001874
102.175792	794.606241	42510.000000	377.284298	-0.103598	-0.001874
101.673894	794.606274	38850.000000	377.284282	-0.103598	-0.001874
103.963693	794.606374	35290.000000	377.284235	-0.102310	-0.001874
101.223191	794.606422	21540.000000	377.284212	-0.103598	-0.000587
100.424527	794.606428	19720.000000	377.284209	-0.103598	-0.001874
98.838741	794.606431	20910.000000	377.284208	-0.103598	-0.001874
103.799223	794.606447	21550.000000	377.284201	-0.102310	-0.000587
104.092035	794.606450	23960.000000	377.284199	-0.103598	-0.001874
103.586597	794.606459	25910.000000	377.284195	-0.103598	-0.000587
100.630262	794.606483	27740.000000	377.284184	-0.102310	-0.000587
100.550042	794.606515	29790.000000	377.284168	-0.102310	-0.001874
101.780114	794.606598	38280.000000	377.284129	-0.103598	-0.001874
98.940487	794.606644	44670.000000	377.284107	-0.103598	-0.001874
102.095702	794.606651	47320.000000	377.284104	-0.103598	-0.001874
104.107154	794.606662	46290.000000	377.284099	-0.103598	-0.001874
100.290817	794.606674	47750.000000	377.284092	-0.102310	-0.000587
99.561780	794.606687	47300.000000	377.284086	-0.103598	-0.001874
100.130921	794.606682	47910.000000	377.284089	-0.104885	-0.001874
98.482282	794.606681	47800.000000	377.284089	-0.103598	-0.001874
102.108776	794.606691	47120.000000	377.284085	-0.102310	-0.001874
102.135469	794.606699	48320.000000	377.284081	-0.103598	-0.001874
100.353195	794.606708	49140.000000	377.284077	-0.103598	-0.001874
100.055673	794.606746	47540.000000	377.284058	-0.103598	-0.001874
100.163149	794.606784	48950.000000	377.284040	-0.103598	-0.001874
98.602663	794.606801	49930.000000	377.284032	-0.103598	-0.000587
100.798916	794.606815	49600.000000	377.284026	-0.102310	-0.001874
102.081213	794.606819	49530.000000	377.284024	-0.103598	-0.001874
99.260489	794.606834	51160.000000	377.284017	-0.103598	-0.000587
98.782025	794.606831	49520.000000	377.284018	-0.102310	-0.001874
96.933346	794.606838	50820.000000	377.284015	-0.102310	-0.001874
101.030418	794.606875	49840.000000	377.283997	-0.103598	-0.001874
100.943561	794.606928	50190.000000	377.283972	-0.103598	-0.001874
98.812905	794.607034	50970.000000	377.283921	-0.103598	-0.001874
100.514032	794.607058	51710.000000	377.283910	-0.102310	-0.000587
102.344780	794.607068	50820.000000	377.283905	-0.103598	-0.001874
99.516064	794.607110	51180.000000	377.283885	-0.102310	-0.001874
98.638996	794.607111	51940.000000	377.283885	-0.103598	-0.000587
102.706027	794.607150	51560.000000	377.283867	-0.102310	-0.000587
99.779240	794.607336	52940.000000	377.283778	-0.103598	-0.001874
103.735506	794.607359	52600.000000	377.283768	-0.102310	-0.001874
103.859850	794.607370	53540.000000	377.283762	-0.103598	-0.001874
99.988592	794.607385	52420.000000	377.283755	-0.103598	-0.001874
102.366308	794.607392	54250.000000	377.283752	-0.103598	-0.001874
104.049791	794.607405	52590.000000	377.283746	-0.103598	-0.001874
104.142809	794.607413	53660.000000	377.283742	-0.102310	-0.001874
99.500989	794.607424	52250.000000	377.283737	-0.102310	-0.001874
101.660246	794.607437	52080.000000	377.283730	-0.102310	-0.001874
100.121005	794.607428	53170.000000	377.283735	-0.102310	-0.001874
101.845414	794.607427	52750.000000	377.283735	-0.102310	-0.001874
101.157348	794.607417	53350.000000	377.283740	-0.099735	-0.001874
102.015086	794.607414	51660.000000	377.283741	-0.099735	-0.001874
105.890381	794.607400	54260.000000	377.283748	-0.101022	-0.001874
104.576421	794.607394	55300.000000	377.283751	-0.101022	-0.001874
101.870079	794.607386	53390.000000	377.283755	-0.099735	-0.000587
99.499619	794.607379	53570.000000	377.283758	-0.099735	-0.001874
102.022169	794.607368	52570.000000	377.283763	-0.099735	-0.000587
102.659926	794.607346	53880.000000	377.283774	-0.101022	-0.001874
103.216392	794.607300	52140.000000	377.283796	-0.099735	-0.001874
102.624427	794.607171	52670.000000	377.283857	-0.101022	-0.001874
102.488735	794.607133	52440.000000	377.283875	-0.099735	-0.001874
101.351082	794.607119	52160.000000	377.283881	-0.099735	-0.001874
102.222864	794.607078	52740.000000	377.283901	-0.099735	-0.001874
102.612000	794.607013	51370.000000	377.283931	-0.101022	-0.001874
103.118884	794.606955	51320.000000	377.283959	-0.099735	-0.001874
101.663450	794.606914	50170.000000	377.283979	-0.099735	-0.001874
102.031372	794.606892	49880.000000	377.283989	-0.099735	-0.001874
102.362495	794.606885	50390.000000	377.283993	-0.099735	-0.001874
101.152476	794.606849	49970.000000	377.284009	-0.099735	-0.000587
99.856393	794.606815	48940.000000	377.284026	-0.101022	-0.001874
99.237957	794.606809	49310.000000	377.284029	-0.099735	-0.001874
99.703126	794.606784	48420.000000	377.284040	-0.098447	-0.001874
98.972191	794.606768	49370.000000	377.284048	-0.099735	-0.001874
101.801407	794.606757	49320.000000	377.284053	-0.099735	-0.001874
101.032774	794.606745	49440.000000	377.284059	-0.099735	-0.001874
100.091091	794.606730	48150.000000	377.284066	-0.099735	-0.001874
99.615400	794.606706	47640.000000	377.284078	-0.099735	-0.000587
99.947554	794.606681	47950.000000	377.284089	-0.099735	-0.001874
99.752983	794.606668	47970.000000	377.284095	-0.099735	-0.001874
99.652489	794.606643	47860.000000	377.284108	-0.099735	-0.001874
99.571851	794.606633	46780.000000	377.284112	-0.099735	-0.001874
100.194889	794.606622	46300.000000	377.284117	-0.099735	-0.001874
103.447666	794.606610	46400.000000	377.284123	-0.099735	-0.000587
98.511069	794.606601	45820.000000	377.284127	-0.099735	-0.001874
99.066820	794.606592	44650.000000	377.284132	-0.101022	-0.000587
100.343353	794.606590	44330.000000	377.284133	-0.101022	-0.000587
102.293910	794.606577	45340.000000	377.284139	-0.099735	-0.000587
103.166747	794.606563	44500.000000	377.284146	-0.099735	-0.001874
99.835136	794.606466	39350.000000	377.284191	-0.099735	-0.000587
100.342443	794.606436	30920.000000	377.284205	-0.101022	-0.001874
103.066748	794.606441	29810.000000	377.284203	-0.099735	-0.001874
100.822915	794.606429	30000.000000	377.284209	-0.099735	-0.001874
101.380157	794.606432	29660.000000	377.284207	-0.099735	-0.000587
100.267253	794.606421	28230.000000	377.284213	-0.099735	-0.001874
100.908607	794.606374	26620.000000	377.284235	-0.099735	-0.001874
101.745893	794.606264	28160.000000	377.284287	-0.099735	-0.000587
101.142407	794.606244	31630.000000	377.284297	-0.099735	-0.000587
99.942883	794.606156	34570.000000	377.284339	-0.099735	-0.001874
100.469404	794.606058	39170.000000	377.284385	-0.099735	-0.001874
101.634397	794.606052	44270.000000	377.284388	-0.101022	-0.001874
103.602972	794.606019	42260.000000	377.284404	-0.099735	-0.001874
99.542562	794.606000	43350.000000	377.284413	-0.099735	-0.001874
100.273044	794.605998	42880.000000	377.284414	-0.099735	-0.001874
102.086227	794.605984	43730.000000	377.284420	-0.101022	-0.001874
103.569195	794.605969	40770.000000	377.284427	-0.099735	-0.001874
102.111756	794.605925	42610.000000	377.284448	-0.098447	-0.001874
101.200248	794.605880	36930.000000	377.284469	-0.099735	-0.001874
102.460555	794.605834	28630.000000	377.284492	-0.099735	-0.001874
102.260931	794.605793	27090.000000	377.284511	-0.101022	-0.001874
101.239054	794.605787	30090.000000	377.284514	-0.099735	-0.000587
102.741670	794.605768	31300.000000	377.284523	-0.101022	-0.001874
102.655069	794.605756	34680.000000	377.284529	-0.099735	-0.001874
103.173461	794.605753	36880.000000	377.284530	-0.099735	-0.001874
99.998099	794.605742	36780.000000	377.284535	-0.099735	-0.000587
103.528703	794.605717	37450.000000	377.284547	-0.099735	-0.001874
102.970520	794.605722	38260.000000	377.284545	-0.099735	-0.001874
100.799516	794.605705	39920.000000	377.284553	-0.099735	-0.001874
100.466356	794.605701	40710.000000	377.284555	-0.098447	-0.001874
99.722877	794.605690	41610.000000	377.284560	-0.099735	-0.001874
103.633990	794.605666	41100.000000	377.284571	-0.099735	-0.001874
100.159131	794.605663	42350.000000	377.284572	-0.099735	-0.000587
99.320795	794.605646	42550.000000	377.284581	-0.099735	-0.001874
101.505833	794.605633	42630.000000	377.284587	-0.099735	-0.001874
102.640900	794.605625	42400.000000	377.284591	-0.099735	-0.001874
99.671205	794.605609	43200.000000	377.284598	-0.099735	-0.001874
100.184872	794.605558	44650.000000	377.284623	-0.099735	-0.000587
100.293757	794.605528	42450.000000	377.284637	-0.099735	-0.001874
101.817453	794.605480	40560.000000	377.284660	-0.099735	-0.001874
101.066333	794.605467	39780.000000	377.284666	-0.098447	-0.000587
100.811366	794.605438	38590.000000	377.284680	-0.099735	-0.001874
102.337152	794.605414	32660.000000	377.284691	-0.099735	-0.001874
101.529459	794.605362	32220.000000	377.284716	-0.098447	-0.001874
101.541147	794.605260	36820.000000	377.284764	-0.099735	-0.000587
101.101402	794.605244	44240.000000	377.284772	-0.099735	-0.000587
101.378293	794.605189	47240.000000	377.284798	-0.098447	-0.000587
102.663216	794.605105	47950.000000	377.284837	-0.099735	-0.001874
101.460173	794.605062	49910.000000	377.284858	-0.098447	-0.001874
102.084101	794.605023	50240.000000	377.284877	-0.099735	-0.001874
102.203713	794.604999	50690.000000	377.284888	-0.099735	-0.001874
103.023452	794.605004	51110.000000	377.284886	-0.099735	-0.000587
102.076589	794.604985	50530.000000	377.284895	-0.098447	-0.001874
99.353500	794.604973	50870.000000	377.284900	-0.098447	-0.000587
99.945968	794.604956	51790.000000	377.284908	-0.098447	-0.001874
100.752572	794.604956	51290.000000	377.284909	-0.098447	-0.001874
99.482284	794.604924	51530.000000	377.284924	-0.099735	-0.001874
99.598013	794.604899	52480.000000	377.284935	-0.106173	-0.000587
98.973097	794.604891	52160.000000	377.284939	-0.098447	-0.001874
100.531990	794.604869	51680.000000	377.284950	-0.098447	-0.001874
98.806071	794.604846	52780.000000	377.284961	-0.098447	-0.001874
100.142586	794.604843	53540.000000	377.284962	-0.098447	-0.001874
99.629438	794.604814	51230.000000	377.284976	-0.098447	-0.000587
100.826047	794.604804	52330.000000	377.284981	-0.098447	-0.001874
99.642841	794.604801	52200.000000	377.284982	-0.098447	-0.000587
98.995332	794.604782	51360.000000	377.284991	-0.098447	-0.001874
101.500691	794.604766	52520.000000	377.284998	-0.097159	-0.001874
100.161854	794.604748	52650.000000	377.285007	-0.098447	-0.001874
99.136592	794.604699	52760.000000	377.285030	-0.098447	-0.001874
99.906562	794.604662	51800.000000	377.285048	-0.098447	-0.001874
98.550185	794.604621	52590.000000	377.285067	-0.098447	-0.001874
100.071986	794.604609	52560.000000	377.285073	-0.098447	-0.001874
99.581164	794.604593	51960.000000	377.285081	-0.098447	-0.001874
99.701245	794.604570	53090.000000	377.285092	-0.097159	-0.001874
98.021171	794.604568	52070.000000	377.285093	-0.098447	-0.001874
101.355834	794.604553	51270.000000	377.285100	-0.098447	-0.001874
99.588208	794.604534	51270.000000	377.285109	-0.097159	-0.001874
99.275696	794.604517	51520.000000	377.285117	-0.097159	-0.001874
99.825839	794.604408	50780.000000	377.285169	-0.097159	-0.001874
100.299691	794.604349	51250.000000	377.285196	-0.098447	-0.001874
100.542834	794.604296	51680.000000	377.285222	-0.097159	-0.000587
100.923383	794.604252	50670.000000	377.285243	-0.097159	-0.001874
99.278810	794.604233	51790.000000	377.285252	-0.097159	-0.001874
101.448951	794.604215	51390.000000	377.285260	-0.097159	-0.001874
100.877985	794.604193	50990.000000	377.285271	-0.097159	-0.001874
101.697807	794.604209	51190.000000	377.285263	-0.097159	-0.001874
100.549087	794.604225	50430.000000	377.285256	-0.097159	-0.001874
101.306399	794.604234	50300.000000	377.285251	-0.097159	-0.001874
99.828745	794.604250	50920.000000	377.285244	-0.097159	-0.001874
101.020126	794.604316	50750.000000	377.285212	-0.095872	-0.000587
100.934948	794.604382	51510.000000	377.285181	-0.097159	-0.000587
102.251952	794.604470	51900.000000	377.285139	-0.097159	-0.000587
103.054870	794.604492	51400.000000	377.285129	-0.095872	-0.001874
102.174301	794.604517	50950.000000	377.285117	-0.095872	-0.001874
101.507015	794.604548	51430.000000	377.285102	-0.095872	-0.000587
102.339786	794.604565	50770.000000	377.285094	-0.095872	-0.001874
102.533080	794.604573	50810.000000	377.285090	-0.095872	-0.000587
101.005364	794.604597	51510.000000	377.285079	-0.095872	-0.001874
101.109058	794.604619	51580.000000	377.285068	-0.095872	-0.001874
102.082082	794.604620	51240.000000	377.285068	-0.095872	-0.000587
101.439953	794.604643	51400.000000	377.285057	-0.095872	-0.001874
101.341252	794.604669	51640.000000	377.285045	-0.095872	-0.001874
101.875631	794.604706	50660.000000	377.285027	-0.095872	-0.000587
101.377785	794.604708	51010.000000	377.285026	-0.095872	-0.000587
100.602208	794.604724	52170.000000	377.285018	-0.095872	-0.001874
102.609112	794.604748	51870.000000	377.285007	-0.094584	-0.000587
102.010561	794.604763	51760.000000	377.285000	-0.095872	-0.000587
102.449031	794.604785	50010.000000	377.284990	-0.095872	-0.001874
101.553266	794.604804	51260.000000	377.284980	-0.095872	-0.000587
101.737184	794.604817	51000.000000	377.284974	-0.095872	-0.001874
101.142535	794.604832	52180.000000	377.284967	-0.095872	-0.001874
102.471105	794.604862	52290.000000	377.284953	-0.095872	-0.001874
100.725654	794.604871	51740.000000	377.284949	-0.095872	-0.000587
101.247497	794.604916	52740.000000	377.284928	-0.094584	-0.001874
102.878019	794.604910	51210.000000	377.284930	-0.094584	-0.001874
101.650469	794.604938	49680.000000	377.284917	-0.095872	-0.000587
102.800062	794.604956	52020.000000	377.284908	-0.095872	-0.001874
101.947674	794.604952	51250.000000	377.284910	-0.095872	-0.001874
101.467638	794.604993	50520.000000	377.284891	-0.095872	-0.001874
102.020380	794.604999	49980.000000	377.284888	-0.094584	-0.001874
100.857683	794.605014	49780.000000	377.284881	-0.095872	-0.001874
100.929403	794.605050	50630.000000	377.284864	-0.095872	-0.000587
102.530304	794.605046	49650.000000	377.284865	-0.095872	-0.000587
100.197413	794.605077	50230.000000	377.284851	-0.095872	-0.001874
99.836020	794.605233	49910.000000	377.284777	-0.094584	-0.001874
101.928475	794.605283	44630.000000	377.284753	-0.095872	-0.001874
101.923358	794.605279	45410.000000	377.284755	-0.095872	-0.001874
102.769880	794.605297	44930.000000	377.284746	-0.094584	-0.001874
102.174404	794.605324	44500.000000	377.284734	-0.094584	-0.001874
102.167397	794.605466	39700.000000	377.284666	-0.095872	-0.001874
101.230814	794.605462	36060.000000	377.284668	-0.095872	-0.000587
101.633648	794.605460	34960.000000	377.284669	-0.094584	-0.001874
103.037648	794.605491	34200.000000	377.284654	-0.095872	-0.001874
102.372572	794.605571	39220.000000	377.284616	-0.095872	-0.000587
100.075224	794.605620	43420.000000	377.284593	-0.095872	-0.000587
102.328775	794.605632	45280.000000	377.284587	-0.095872	-0.000587
103.213294	794.605649	43510.000000	377.284579	-0.095872	-0.001874
101.541410	794.605661	44360.000000	377.284573	-0.095872	-0.001874
99.340778	794.605660	41920.000000	377.284574	-0.097159	-0.001874
100.400674	794.605675	43390.000000	377.284567	-0.097159	-0.001874
104.736857	794.605682	43400.000000	377.284564	-0.095872	-0.001874
102.846283	794.605686	42420.000000	377.284562	-0.097159	-0.001874
102.286674	794.605696	41730.000000	377.284557	-0.095872	-0.000587
102.563730	794.605699	40660.000000	377.284556	-0.097159	-0.001874
100.412922	794.605710	41750.000000	377.284551	-0.097159	-0.000587
100.482982	794.605714	40940.000000	377.284549	-0.097159	-0.001874
103.869803	794.605729	41400.000000	377.284541	-0.097159	-0.000587
103.634588	794.605734	39780.000000	377.284539	-0.097159	-0.001874
101.871052	794.605754	38600.000000	377.284529	-0.097159	-0.001874
101.966473	794.605780	36720.000000	377.284517	-0.097159	-0.001874
102.870770	794.605824	32040.000000	377.284496	-0.097159	-0.001874
102.242009	794.605872	30990.000000	377.284473	-0.098447	-0.001874
102.425625	794.605887	27970.000000	377.284466	-0.098447	-0.001874
101.241176	794.605940	34870.000000	377.284441	-0.097159	-0.000587
103.562061	794.605953	36870.000000	377.284435	-0.097159	-0.001874
100.648561	794.605968	39220.000000	377.284428	-0.098447	-0.001874
100.950411	794.605977	38860.000000	377.284423	-0.097159	-0.001874
102.717189	794.605999	41100.000000	377.284413	-0.098447	-0.001874
102.962087	794.606008	42790.000000	377.284409	-0.098447	-0.001874
102.059615	794.606013	42590.000000	377.284406	-0.098447	-0.001874
100.646211	794.606057	42190.000000	377.284386	-0.097159	-0.001874
101.141998	794.606097	43160.000000	377.284367	-0.098447	-0.000587
102.136832	794.606254	39990.000000	377.284292	-0.098447	-0.001874
101.483408	794.606279	36470.000000	377.284280	-0.098447	-0.000587
101.534911	794.606284	30810.000000	377.284278	-0.098447	-0.000587
102.621106	794.606384	28560.000000	377.284230	-0.098447	-0.001874
100.917844	794.606438	24580.000000	377.284205	-0.099735	-0.001874
103.445267	794.606453	25330.000000	377.284198	-0.098447	-0.000587
103.633085	794.606454	28860.000000	377.284197	-0.098447	-0.001874
102.746800	794.606463	29250.000000	377.284193	-0.099735	-0.001874
102.683228	794.606468	31620.000000	377.284191	-0.098447	-0.000587
100.434900	794.606478	32790.000000	377.284186	-0.099735	-0.001874
100.456090	794.606503	34840.000000	377.284174	-0.099735	-0.001874
101.245427	794.606558	35510.000000	377.284148	-0.099735	-0.000587
99.765072	794.606649	42200.000000	377.284105	-0.099735	-0.001874
98.536332	794.606657	45390.000000	377.284101	-0.099735	-0.001874
104.690850	794.606663	45200.000000	377.284098	-0.099735	-0.001874
103.470220	794.606669	47120.000000	377.284095	-0.099735	-0.001874
103.739901	794.606670	47270.000000	377.284094	-0.099735	-0.001874
103.983011	794.606679	47210.000000	377.284090	-0.099735	-0.001874
102.616340	794.606672	46410.000000	377.284094	-0.099735	-0.001874
101.494476	794.606681	46290.000000	377.284089	-0.099735	-0.001874
100.980619	794.606702	46810.000000	377.284079	-0.099735	-0.000587
100.977227	794.606711	46740.000000	377.284075	-0.101022	-0.001874
100.779859	794.606746	47530.000000	377.284058	-0.098447	-0.000587
101.916840	794.606768	47610.000000	377.284048	-0.099735	-0.001874
99.787378	794.606772	49030.000000	377.284046	-0.099735	-0.001874
100.979395	794.606798	47920.000000	377.284034	-0.101022	-0.000587
101.146265	794.606802	48600.000000	377.284032	-0.099735	-0.001874
102.945232	794.606804	48800.000000	377.284031	-0.101022	-0.000587
100.279089	794.606820	48300.000000	377.284023	-0.101022	-0.001874
100.926528	794.606839	48990.000000	377.284014	-0.101022	-0.001874
100.954044	794.606854	47150.000000	377.284007	-0.101022	-0.000587
101.492475	794.606951	48550.000000	377.283961	-0.101022	-0.001874
100.629350	794.606958	50000.000000	377.283958	-0.101022	-0.001874
100.684501	794.607037	49260.000000	377.283920	-0.101022	-0.000587
98.427461	794.607076	50730.000000	377.283902	-0.102310	-0.000587
100.507113	794.607079	50490.000000	377.283901	-0.102310	-0.001874
101.533109	794.607113	49890.000000	377.283884	-0.101022	-0.001874
100.605649	794.607148	49960.000000	377.283868	-0.102310	-0.001874
99.522492	794.607205	51440.000000	377.283840	-0.101022	-0.001874
99.899895	794.607308	51660.000000	377.283792	-0.101022	-0.000587
101.119157	794.607351	51960.000000	377.283771	-0.102310	-0.001874
99.090987	794.607367	51280.000000	377.283764	-0.101022	-0.001874
99.557466	794.607377	52820.000000	377.283759	-0.101022	-0.001874
103.343303	794.607389	52400.000000	377.283753	-0.102310	-0.001874
99.426388	794.607413	51760.000000	377.283742	-0.095872	-0.001874
99.618431	794.607416	52340.000000	377.283740	-0.101022	-0.001874
104.598433	794.607428	51680.000000	377.283735	-0.101022	-0.000587
102.397335	794.607445	52680.000000	377.283727	-0.101022	-0.000587
103.224290	794.607436	52090.000000	377.283731	-0.101022	-0.000587
103.640274	794.607428	51480.000000	377.283735	-0.102310	-0.000587
102.548851	794.607419	52860.000000	377.283739	-0.102310	-0.001874
100.645641	794.607407	51760.000000	377.283745	-0.101022	-0.001874
101.284002	794.607399	51390.000000	377.283749	-0.101022	-0.001874
104.949493	794.607387	53360.000000	377.283754	-0.102310	-0.001874
103.342109	794.607381	52750.000000	377.283757	-0.102310	-0.001874
103.638790	794.607377	53420.000000	377.283759	-0.102310	-0.000587
102.748101	794.607370	53230.000000	377.283762	-0.102310	-0.001874
100.302587	794.607335	53610.000000	377.283779	-0.101022	-0.001874
101.099523	794.607176	52360.000000	377.283854	-0.102310	-0.001874
100.652580	794.607140	51460.000000	377.283872	-0.102310	-0.001874
101.148820	794.607110	52130.000000	377.283886	-0.102310	-0.001874
101.753160	794.607058	51920.000000	377.283910	-0.102310	-0.001874
100.908077	794.607050	52220.000000	377.283914	-0.102310	-0.001874
100.762787	794.606986	51900.000000	377.283944	-0.102310	-0.001874
99.599510	794.606937	50110.000000	377.283968	-0.102310	-0.001874
100.337447	794.606910	49760.000000	377.283980	-0.102310	-0.001874
100.526360	794.606891	50620.000000	377.283990	-0.102310	-0.000587
99.993483	794.606863	48950.000000	377.284003	-0.102310	-0.001874
100.203602	794.606836	51030.000000	377.284016	-0.102310	-0.001874
99.882557	794.606824	50030.000000	377.284021	-0.102310	-0.001874
100.464897	794.606802	49110.000000	377.284032	-0.102310	-0.001874
100.038914	794.606778	48240.000000	377.284043	-0.102310	-0.001874
99.915293	794.606742	48520.000000	377.284060	-0.108748	-0.001874
99.255603	794.606742	48520.000000	377.284060	-0.076557	-0.001874
101.282429	794.606704	48200.000000	377.284078	-0.101022	-0.001874
99.127760	794.606680	48180.000000	377.284090	-0.102310	-0.001874
100.422516	794.606659	46370.000000	377.284100	-0.108748	-0.001874
100.269803	794.606659	46370.000000	377.284100	-0.089434	-0.001874
101.988798	794.606656	45850.000000	377.284101	-0.102310	-0.001874
103.299294	794.606648	46570.000000	377.284105	-0.102310	-0.000587
102.179244	794.606647	45190.000000	377.284106	-0.102310	-0.001874
98.318786	794.606628	46780.000000	377.284115	-0.103598	-0.001874
99.320949	794.606627	43860.000000	377.284115	-0.102310	-0.001874
103.966347	794.606616	43740.000000	377.284120	-0.102310	-0.001874
101.658254	794.606604	43340.000000	377.284126	-0.101022	-0.001874
101.501939	794.606577	41630.000000	377.284139	-0.102310	-0.000587
101.783807	794.606517	41630.000000	377.284167	-0.102310	-0.001874
102.268235	794.606476	35100.000000	377.284186	-0.102310	-0.001874
100.384551	794.606458	28340.000000	377.284195	-0.102310	-0.001874
103.844228	794.606442	24110.000000	377.284203	-0.102310	-0.001874
101.501205	794.606438	22630.000000	377.284205	-0.103598	-0.000587
102.619539	794.606433	21970.000000	377.284207	-0.102310	-0.000587
101.334480	794.606412	19070.000000	377.284217	-0.103598	-0.001874
100.017129	794.606399	18590.000000	377.284223	-0.102310	-0.001874
99.874797	794.606401	19140.000000	377.284222	-0.102310	-0.000587
100.774973	794.606363	21470.000000	377.284240	-0.102310	-0.001874
100.026835	794.606253	27840.000000	377.284292	-0.102310	-0.000587
99.103943	794.606149	39750.000000	377.284342	-0.102310	-0.000587
99.430856	794.606069	39900.000000	377.284380	-0.102310	-0.000587
100.501848	794.606026	40330.000000	377.284400	-0.102310	-0.001874
102.960830	794.606006	42230.000000	377.284410	-0.102310	-0.000587
99.101371	794.605993	40220.000000	377.284416	-0.102310	-0.001874
97.868768	794.605986	40140.000000	377.284419	-0.102310	-0.000587
97.574017	794.605981	39350.000000	377.284422	-0.102310	-0.001874
101.236027	794.605966	38360.000000	377.284429	-0.102310	-0.000587
101.934314	794.605968	37240.000000	377.284428	-0.102310	-0.001874
99.750268	794.605895	35830.000000	377.284462	-0.102310	-0.000587
99.831608	794.605824	33440.000000	377.284496	-0.102310	-0.001874
100.874617	794.605780	37450.000000	377.284517	-0.102310	-0.001874
100.480101	794.605773	38750.000000	377.284520	-0.102310	-0.001874
98.553379	794.605769	40690.000000	377.284522	-0.102310	-0.001874
99.798850	794.605752	41490.000000	377.284530	-0.102310	-0.001874
104.178599	794.605747	43920.000000	377.284533	-0.102310	-0.001874
102.389077	794.605735	43400.000000	377.284539	-0.101022	-0.000587
98.242010	794.605730	43840.000000	377.284541	-0.102310	-0.000587
98.648348	794.605715	44270.000000	377.284548	-0.102310	-0.001874
98.568579	794.605713	44200.000000	377.284549	-0.102310	-0.001874
102.116060	794.605700	43860.000000	377.284555	-0.102310	-0.001874
98.854066	794.605678	45510.000000	377.284565	-0.102310	-0.001874
100.569123	794.605672	44390.000000	377.284568	-0.102310	-0.001874
101.599637	794.605653	44700.000000	377.284577	-0.101022	-0.001874
99.306762	794.605642	45220.000000	377.284582	-0.102310	-0.000587
98.134024	794.605635	44370.000000	377.284586	-0.102310	-0.001874
101.958704	794.605625	45660.000000	377.284590	-0.102310	-0.000587
101.575924	794.605614	44950.000000	377.284596	-0.102310	-0.000587
101.055273	794.605578	44320.000000	377.284613	-0.102310	-0.001874
101.093217	794.605520	42490.000000	377.284641	-0.101022	-0.001874
103.140740	794.605456	33690.000000	377.284671	-0.102310	-0.000587
103.391290	794.605443	28380.000000	377.284677	-0.101022	-0.001874
101.711890	794.605429	27110.000000	377.284684	-0.101022	-0.001874
99.112216	794.605423	27740.000000	377.284687	-0.101022	-0.000587
102.857292	794.605405	28310.000000	377.284695	-0.102310	-0.001874
102.405497	794.605388	32580.000000	377.284703	-0.102310	-0.001874
100.703655	794.605338	35020.000000	377.284727	-0.102310	-0.001874
100.699915	794.605323	39260.000000	377.284734	-0.101022	-0.000587
102.195982	794.605203	44120.000000	377.284791	-0.101022	-0.000587
102.195429	794.605130	47740.000000	377.284826	-0.101022	-0.001874
102.136387	794.605003	49510.000000	377.284886	-0.101022	-0.001874
99.567663	794.604996	50640.000000	377.284889	-0.101022	-0.001874
101.279561	794.605000	51720.000000	377.284888	-0.102310	-0.001874
100.497367	794.604988	51490.000000	377.284893	-0.101022	-0.000587
100.585075	794.604964	52620.000000	377.284904	-0.101022	-0.001874
100.674235	794.604944	51380.000000	377.284914	-0.101022	-0.000587
100.182694	794.604897	52480.000000	377.284936	-0.101022	-0.001874
100.727389	794.604898	51520.000000	377.284936	-0.101022	-0.000587
100.949784	794.604880	50660.000000	377.284945	-0.101022	-0.001874
98.985017	794.604861	52920.000000	377.284953	-0.101022	-0.000587
100.044508	794.604829	53130.000000	377.284968	-0.101022	-0.000587
100.588471	794.604812	51330.000000	377.284977	-0.101022	-0.001874
100.376388	794.604808	52440.000000	377.284979	-0.102310	-0.000587
100.684624	794.604791	52560.000000	377.284987	-0.102310	-0.000587
99.325111	794.604759	52590.000000	377.285002	-0.101022	-0.000587
99.533842	794.604744	53240.000000	377.285009	-0.102310	-0.001874
100.681759	794.604718	51060.000000	377.285021	-0.102310	-0.000587
100.227137	794.604703	51080.000000	377.285028	-0.102310	-0.001874
100.405148	794.604682	51290.000000	377.285039	-0.102310	-0.001874
100.793610	794.604654	51960.000000	377.285052	-0.102310	-0.001874
99.632113	794.604642	52330.000000	377.285057	-0.102310	-0.001874
100.665809	794.604633	51760.000000	377.285062	-0.101022	-0.001874
100.272155	794.604619	53150.000000	377.285068	-0.102310	-0.000587
99.717309	794.604599	51680.000000	377.285078	-0.101022	-0.001874
99.851234	794.604588	51050.000000	377.285083	-0.102310	-0.000587
101.285237	794.604582	51410.000000	377.285086	-0.101022	-0.001874
100.652763	794.604564	51130.000000	377.285094	-0.101022	-0.001874
100.108004	794.604545	51120.000000	377.285103	-0.102310	-0.001874
100.835468	794.604522	52890.000000	377.285115	-0.101022	-0.000587
100.426224	794.604486	50690.000000	377.285131	-0.101022	-0.001874
99.385084	794.604411	51980.000000	377.285167	-0.102310	-0.001874
99.464490	794.604319	50420.000000	377.285211	-0.101022	-0.000587
99.841157	794.604271	52110.000000	377.285234	-0.101022	-0.001874
100.522209	794.604228	51150.000000	377.285254	-0.101022	-0.000587
101.131068	794.604220	48650.000000	377.285258	-0.101022	-0.001874
101.055883	794.604152	50930.000000	377.285290	-0.101022	-0.001874
101.048458	794.604174	50610.000000	377.285280	-0.101022	-0.001874
101.611290	794.604198	50550.000000	377.285268	-0.101022	-0.001874
101.963828	794.604240	51030.000000	377.285248	-0.101022	-0.001874
100.753670	794.604256	49130.000000	377.285241	-0.099735	-0.000587
101.130984	794.604291	49230.000000	377.285224	-0.101022	-0.001874
101.237256	794.604343	49710.000000	377.285199	-0.101022	-0.000587
99.963699	794.604410	50400.000000	377.285168	-0.099735	-0.001874
101.914009	794.604490	51090.000000	377.285129	-0.099735	-0.001874
99.980668	794.604503	50020.000000	377.285123	-0.099735	-0.001874
101.326496	794.604516	50250.000000	377.285117	-0.099735	-0.001874
100.776156	794.604536	50330.000000	377.285108	-0.099735	-0.000587
101.071330	794.604550	50390.000000	377.285101	-0.099735	-0.001874
101.375812	794.604568	49510.000000	377.285092	-0.099735	-0.001874
100.662872	794.604576	51020.000000	377.285089	-0.099735	-0.001874
100.811920	794.604589	51730.000000	377.285083	-0.099735	-0.000587
101.741929	794.604615	49500.000000	377.285070	-0.099735	-0.001874
101.514825	794.604624	50370.000000	377.285066	-0.099735	-0.000587
100.299991	794.604638	49780.000000	377.285059	-0.098447	-0.000587
100.085699	794.604650	50640.000000	377.285053	-0.099735	-0.000587
99.213172	794.604673	49680.000000	377.285043	-0.099735	-0.001874
100.172721	794.604700	49770.000000	377.285030	-0.098447	-0.000587
