193.378219	794.606551	0.000000	377.284151	0.271105	0.098562
194.684988	794.606569	0.000000	377.284143	0.272393	0.130752
193.591733	794.606665	908.000000	377.284097	0.271105	0.129465
195.585590	794.606717	1206.000000	377.284072	0.271105	0.129465
195.560192	794.606757	1368.000000	377.284053	0.272393	0.128177
196.245917	794.606786	1516.000000	377.284039	0.271105	0.128177
194.442793	794.606818	1540.000000	377.284024	0.271105	0.128177
193.877150	794.606878	1708.000000	377.283996	0.271105	0.128177
193.278300	794.607118	1676.000000	377.283882	0.271105	0.128177
193.575433	794.607255	1852.000000	377.283817	0.271105	0.128177
195.659591	794.607355	1650.000000	377.283769	0.269817	0.128177
192.244694	794.607405	1642.000000	377.283746	0.269817	0.128177
191.606997	794.607435	1688.000000	377.283731	0.269817	0.128177
196.210716	794.607456	1658.000000	377.283721	0.269817	0.128177
196.557603	794.607500	1664.000000	377.283700	0.269817	0.128177
196.407326	794.607577	1730.000000	377.283664	0.269817	0.128177
194.179102	794.607609	1708.000000	377.283649	0.269817	0.128177
196.652101	794.607656	1756.000000	377.283626	0.269817	0.128177
194.184206	794.607687	1662.000000	377.283612	0.269817	0.128177
196.298284	794.607761	1702.000000	377.283577	0.269817	0.128177
195.622290	794.608003	1612.000000	377.283462	0.268530	0.128177
193.365379	794.608097	1696.000000	377.283417	0.269817	0.128177
194.859596	794.608207	1718.000000	377.283365	0.269817	0.128177
195.260148	794.608270	1740.000000	377.283335	0.269817	0.128177
195.896709	794.608319	1716.000000	377.283312	0.269817	0.128177
193.586158	794.608340	1586.000000	377.283302	0.268530	0.128177
193.308336	794.608368	1758.000000	377.283288	0.268530	0.128177
195.141521	794.608343	1630.000000	377.283300	0.268530	0.129465
192.564366	794.608326	1644.000000	377.283308	0.268530	0.129465
194.062930	794.608266	1724.000000	377.283337	0.269817	0.128177
195.828006	794.608229	1618.000000	377.283354	0.268530	0.128177
193.684662	794.608087	1672.000000	377.283422	0.269817	0.128177
195.317446	794.608002	1612.000000	377.283462	0.268530	0.128177
195.926181	794.607876	1666.000000	377.283522	0.268530	0.128177
193.174180	794.607693	1774.000000	377.283609	0.268530	0.128177
192.657924	794.607659	1712.000000	377.283625	0.268530	0.128177
194.782724	794.607621	1730.000000	377.283643	0.268530	0.128177
192.983560	794.607581	1782.000000	377.283662	0.268530	0.128177
194.106682	794.607519	1734.000000	377.283692	0.268530	0.128177
194.171662	794.607488	1712.000000	377.283706	0.268530	0.128177
195.339932	794.607450	1750.000000	377.283724	0.268530	0.126890
194.542353	794.607433	1694.000000	377.283732	0.267242	0.128177
195.607982	794.607379	1766.000000	377.283758	0.267242	0.128177
195.528132	794.607328	1602.000000	377.283782	0.267242	0.126890
196.366691	794.607159	1582.000000	377.283862	0.268530	0.126890
195.620925	794.606944	1560.000000	377.283964	0.268530	0.126890
193.334343	794.606822	1552.000000	377.284022	0.267242	0.126890
193.879255	794.606781	1446.000000	377.284042	0.268530	0.128177
192.886604	794.606751	1400.000000	377.284056	0.268530	0.126890
196.182133	794.606711	1252.000000	377.284075	0.267242	0.126890
195.385995	794.606664	1130.000000	377.284098	0.267242	0.126890
195.306906	794.606634	916.000000	377.284112	0.267242	0.126890
196.412825	794.606564	636.000000	377.284145	0.267242	0.126890
194.311144	794.606520	896.000000	377.284166	0.267242	0.126890
194.098181	794.606484	1010.000000	377.284183	0.267242	0.126890
193.449545	794.606419	1160.000000	377.284214	0.267242	0.126890
193.064587	794.606250	1290.000000	377.284294	0.267242	0.126890
194.797532	794.606099	1226.000000	377.284366	0.267242	0.126890
193.850197	794.605935	1066.000000	377.284443	0.267242	0.126890
193.710633	794.605861	1222.000000	377.284478	0.267242	0.126890
194.362715	794.605828	1248.000000	377.284494	0.265954	0.126890
193.618336	794.605823	1354.000000	377.284497	0.265954	0.126890
193.524137	794.605809	1546.000000	377.284503	0.267242	0.126890
192.108796	794.605738	1468.000000	377.284537	0.265954	0.126890
193.635015	794.605671	1560.000000	377.284569	0.265954	0.128177
194.480571	794.605623	1328.000000	377.284591	0.267242	0.126890
195.980286	794.605593	1082.000000	377.284606	0.265954	0.126890
192.932171	794.605524	1214.000000	377.284639	0.265954	0.126890
192.942938	794.605400	1466.000000	377.284698	0.265954	0.126890
193.896478	794.605230	1612.000000	377.284778	0.265954	0.126890
192.514698	794.605112	1516.000000	377.284834	0.265954	0.126890
193.030709	794.604977	1524.000000	377.284898	0.265954	0.126890
190.820541	794.604949	1600.000000	377.284912	0.265954	0.126890
192.941265	794.604904	1614.000000	377.284933	0.265954	0.126890
193.047790	794.604860	1518.000000	377.284954	0.265954	0.126890
190.835347	794.604848	1732.000000	377.284959	0.265954	0.126890
193.452043	794.604807	1578.000000	377.284979	0.265954	0.126890
193.776496	794.604845	1512.000000	377.284961	0.265954	0.126890
192.766973	794.604858	1708.000000	377.284955	0.265954	0.126890
194.194787	794.604899	1738.000000	377.284935	0.265954	0.126890
192.716348	794.604939	1624.000000	377.284917	0.265954	0.126890
195.341574	794.604949	1762.000000	377.284912	0.265954	0.126890
193.547965	794.605070	1680.000000	377.284854	0.265954	0.126890
193.499620	794.605198	1766.000000	377.284793	0.264667	0.126890
194.382920	794.605367	1686.000000	377.284713	0.264667	0.126890
193.333447	794.605510	1590.000000	377.284645	0.265954	0.126890
194.058542	794.605552	1418.000000	377.284625	0.265954	0.126890
193.023299	794.605595	1314.000000	377.284605	0.264667	0.126890
193.214545	794.605651	1124.000000	377.284578	0.264667	0.126890
192.336199	794.605697	946.000000	377.284556	0.264667	0.126890
192.178085	794.605736	1270.000000	377.284538	0.264667	0.126890
191.815538	794.605773	1406.000000	377.284520	0.264667	0.126890
193.133932	794.605782	1482.000000	377.284516	0.264667	0.126890
195.017304	794.605802	1550.000000	377.284507	0.264667	0.125602
194.792342	794.605936	1398.000000	377.284443	0.264667	0.126890
193.923856	794.606209	1072.000000	377.284313	0.264667	0.126890
192.507492	794.606230	1216.000000	377.284303	0.264667	0.125602
193.177155	794.606362	1254.000000	377.284241	0.263379	0.126890
192.634025	794.606369	1382.000000	377.284237	0.264667	0.125602
195.678102	794.606478	1210.000000	377.284186	0.264667	0.125602
193.641015	794.606489	870.000000	377.284181	0.264667	0.125602
194.700879	794.606586	938.000000	377.284134	0.264667	0.125602
192.272793	794.606618	762.000000	377.284119	0.264667	0.125602
192.151442	794.606663	1026.000000	377.284098	0.264667	0.125602
192.925772	794.606708	1488.000000	377.284077	0.264667	0.125602
192.451248	794.606752	1650.000000	377.284056	0.264667	0.125602
192.012852	794.606776	1670.000000	377.284044	0.264667	0.125602
193.135318	794.606827	1708.000000	377.284020	0.263379	0.126890
193.969813	794.607085	1708.000000	377.283897	0.264667	0.126890
194.817545	794.607297	1834.000000	377.283797	0.263379	0.126890
193.240005	794.607349	1646.000000	377.283772	0.264667	0.126890
194.212641	794.607384	1790.000000	377.283755	0.263379	0.126890
194.643330	794.607424	1672.000000	377.283736	0.263379	0.126890
191.731240	794.607436	1846.000000	377.283731	0.263379	0.126890
192.807779	794.607470	1752.000000	377.283714	0.263379	0.126890
193.400781	794.607525	1852.000000	377.283689	0.263379	0.126890
194.229134	794.607564	1694.000000	377.283670	0.263379	0.126890
194.834383	794.607615	1754.000000	377.283646	0.263379	0.126890
194.474330	794.607640	1748.000000	377.283634	0.263379	0.126890
196.358396	794.607704	1796.000000	377.283604	0.263379	0.128177
195.554500	794.607872	1690.000000	377.283524	0.263379	0.126890
194.673619	794.608023	1746.000000	377.283452	0.263379	0.128177
195.799248	794.608148	1828.000000	377.283393	0.263379	0.128177
196.116362	794.608260	1754.000000	377.283340	0.263379	0.126890
194.150780	794.608318	1838.000000	377.283312	0.263379	0.128177
194.946114	794.608327	1710.000000	377.283308	0.263379	0.126890
196.816825	794.608363	1778.000000	377.283291	0.263379	0.126890
194.367870	794.608319	1736.000000	377.283312	0.263379	0.126890
195.501600	794.608294	1732.000000	377.283323	0.263379	0.126890
195.981893	794.608219	1834.000000	377.283359	0.263379	0.126890
196.443918	794.608137	1786.000000	377.283398	0.263379	0.126890
196.664505	794.608031	1814.000000	377.283448	0.263379	0.126890
194.770440	794.607944	1758.000000	377.283489	0.263379	0.126890
193.363729	794.607728	1852.000000	377.283592	0.262091	0.125602
193.063603	794.607651	1748.000000	377.283629	0.263379	0.125602
195.883029	794.607645	1808.000000	377.283632	0.262091	0.125602
194.733336	794.607613	1788.000000	377.283647	0.262091	0.125602
194.875293	794.607566	1666.000000	377.283669	0.262091	0.125602
193.281263	794.607523	1706.000000	377.283690	0.263379	0.125602
197.615600	794.607463	1792.000000	377.283718	0.262091	0.125602
194.525505	794.607408	1790.000000	377.283744	0.262091	0.125602
194.816543	794.607371	1710.000000	377.283762	0.262091	0.124314
191.996800	794.607361	1688.000000	377.283766	0.262091	0.125602
193.964290	794.607259	1810.000000	377.283815	0.262091	0.125602
193.079355	794.607002	1680.000000	377.283937	0.262091	0.125602
193.397046	794.606816	1754.000000	377.284025	0.262091	0.124314
193.770165	794.606789	1644.000000	377.284038	0.262091	0.125602
194.698036	794.606732	1580.000000	377.284065	0.262091	0.124314
196.007980	794.606713	1556.000000	377.284074	0.262091	0.124314
193.561431	794.606687	1440.000000	377.284086	0.262091	0.125602
191.229613	794.606636	1320.000000	377.284111	0.262091	0.124314
194.984837	794.606578	1330.000000	377.284138	0.262091	0.124314
195.118754	794.606530	864.000000	377.284161	0.262091	0.124314
194.218907	794.606467	650.000000	377.284191	0.262091	0.125602
192.998482	794.606425	942.000000	377.284211	0.260804	0.125602
193.533126	794.606392	1056.000000	377.284226	0.262091	0.124314
195.416697	794.606224	1250.000000	377.284306	0.262091	0.125602
193.987249	794.606079	1184.000000	377.284375	0.262091	0.124314
191.954649	794.605870	1248.000000	377.284475	0.262091	0.124314
195.214476	794.605816	1332.000000	377.284500	0.260804	0.124314
191.596940	794.605777	1422.000000	377.284519	0.262091	0.125602
193.872694	794.605772	1434.000000	377.284521	0.260804	0.124314
192.950682	794.605716	1476.000000	377.284548	0.260804	0.124314
193.039430	794.605680	1366.000000	377.284565	0.262091	0.125602
192.884213	794.605638	1148.000000	377.284584	0.260804	0.124314
191.393949	794.605580	984.000000	377.284612	0.260804	0.125602
191.057459	794.605531	1174.000000	377.284635	0.260804	0.125602
194.948218	794.605502	1404.000000	377.284649	0.260804	0.125602
191.551019	794.605367	1510.000000	377.284713	0.260804	0.125602
193.423887	794.605116	1560.000000	377.284832	0.260804	0.125602
193.500487	794.605051	1520.000000	377.284863	0.260804	0.124314
194.088968	794.604945	1510.000000	377.284913	0.260804	0.125602
194.175510	794.604893	1432.000000	377.284938	0.260804	0.125602
193.093648	794.604876	1522.000000	377.284946	0.260804	0.125602
193.707116	794.604843	1632.000000	377.284962	0.260804	0.125602
193.128402	794.604805	1512.000000	377.284980	0.260804	0.125602
193.558646	794.604731	1628.000000	377.285015	0.260804	0.125602
191.424724	794.604804	1636.000000	377.284981	0.260804	0.126890
191.084141	794.604836	1578.000000	377.284965	0.260804	0.125602
192.782747	794.604877	1670.000000	377.284946	0.260804	0.126890
192.779792	794.604885	1720.000000	377.284942	0.260804	0.126890
193.079909	794.604916	1716.000000	377.284927	0.260804	0.126890
192.376645	794.604988	1630.000000	377.284893	0.260804	0.126890
193.269285	794.605141	1510.000000	377.284821	0.260804	0.125602
194.280986	794.605368	1492.000000	377.284713	0.260804	0.126890
194.937687	794.605457	1502.000000	377.284671	0.260804	0.126890
196.383004	794.605528	1470.000000	377.284637	0.260804	0.126890
193.067094	794.605558	1334.000000	377.284623	0.260804	0.126890
192.609291	794.605621	1194.000000	377.284593	0.259516	0.126890
193.926963	794.605642	1010.000000	377.284583	0.259516	0.126890
192.539370	794.605709	1114.000000	377.284551	0.259516	0.125602
192.286302	794.605758	1394.000000	377.284528	0.260804	0.126890
191.376059	794.605786	1428.000000	377.284514	0.259516	0.126890
193.874734	794.605794	1414.000000	377.284510	0.259516	0.126890
193.595096	794.605810	1476.000000	377.284503	0.259516	0.126890
193.096905	794.605941	1352.000000	377.284440	0.259516	0.126890
195.354937	794.606165	1080.000000	377.284334	0.259516	0.125602
193.038463	794.606338	1164.000000	377.284252	0.259516	0.126890
195.516997	794.606374	1314.000000	377.284235	0.259516	0.125602
191.743940	794.606435	1380.000000	377.284206	0.259516	0.125602
193.608567	794.606491	1272.000000	377.284180	0.259516	0.125602
194.681541	794.606521	1028.000000	377.284165	0.259516	0.125602
194.124027	794.606584	736.000000	377.284135	0.259516	0.125602
192.240191	794.606627	686.000000	377.284115	0.259516	0.124314
194.362098	794.606683	830.000000	377.284088	0.259516	0.124314
194.084372	794.606716	1036.000000	377.284073	0.259516	0.124314
195.431837	794.606758	1104.000000	377.284053	0.259516	0.125602
195.758803	794.606786	1076.000000	377.284039	0.259516	0.125602
195.349660	794.606846	1210.000000	377.284011	0.259516	0.124314
195.492225	794.607203	1384.000000	377.283841	0.259516	0.124314
196.212567	794.607297	1390.000000	377.283797	0.259516	0.124314
193.832347	794.607359	1480.000000	377.283767	0.259516	0.124314
192.286559	794.607399	1384.000000	377.283749	0.259516	0.125602
194.543020	794.607434	1352.000000	377.283732	0.259516	0.124314
196.778203	794.607458	1508.000000	377.283720	0.259516	0.124314
191.963532	794.607537	1324.000000	377.283683	0.259516	0.124314
194.673496	794.607579	1400.000000	377.283663	0.259516	0.124314
193.195972	794.607617	1454.000000	377.283645	0.259516	0.124314
194.046963	794.607641	1510.000000	377.283633	0.258229	0.124314
192.719190	794.607659	1434.000000	377.283625	0.258229	0.125602
195.690069	794.607732	1600.000000	377.283590	0.259516	0.125602
195.567912	794.607952	1456.000000	377.283486	0.259516	0.125602
195.148769	794.608067	1648.000000	377.283431	0.258229	0.124314
193.428625	794.608176	1574.000000	377.283380	0.259516	0.124314
193.984142	794.608276	1618.000000	377.283332	0.258229	0.124314
193.750101	794.608278	1584.000000	377.283331	0.259516	0.124314
197.257395	794.608296	1518.000000	377.283323	0.259516	0.125602
195.710502	794.608246	1440.000000	377.283346	0.258229	0.124314
196.167115	794.608163	1380.000000	377.283385	0.259516	0.125602
193.676453	794.608139	1418.000000	377.283397	0.258229	0.124314
195.917415	794.608049	1602.000000	377.283440	0.258229	0.125602
195.186545	794.607966	1600.000000	377.283479	0.258229	0.125602
193.356253	794.607849	1700.000000	377.283535	0.258229	0.125602
193.705818	794.607699	1666.000000	377.283606	0.258229	0.124314
194.776138	794.607624	1692.000000	377.283641	0.259516	0.125602
193.516825	794.607555	1522.000000	377.283674	0.258229	0.124314
195.022126	794.607497	1794.000000	377.283702	0.258229	0.125602
192.234572	794.607388	1652.000000	377.283754	0.258229	0.124314
191.632117	794.607405	1494.000000	377.283746	0.258229	0.124314
197.308433	794.607384	1426.000000	377.283755	0.258229	0.124314
194.264494	794.607372	1746.000000	377.283761	0.258229	0.124314
195.104360	794.607340	1528.000000	377.283777	0.258229	0.124314
192.590787	794.607317	1678.000000	377.283787	0.258229	0.124314
194.432877	794.607236	1576.000000	377.283826	0.258229	0.124314
193.710355	794.606945	1610.000000	377.283964	0.258229	0.125602
193.219869	794.606821	1610.000000	377.284023	0.258229	0.124314
191.813358	794.606719	1516.000000	377.284071	0.258229	0.124314
190.881433	794.606700	1488.000000	377.284080	0.258229	0.125602
190.731131	794.606664	1236.000000	377.284097	0.256941	0.125602
192.734233	794.606594	690.000000	377.284130	0.258229	0.125602
192.840191	794.606569	608.000000	377.284142	0.258229	0.125602
193.711544	794.606516	806.000000	377.284168	0.258229	0.125602
192.765275	794.606487	1132.000000	377.284182	0.258229	0.125602
194.565195	794.606437	1228.000000	377.284205	0.258229	0.125602
191.487363	794.606369	1538.000000	377.284238	0.258229	0.125602
191.141083	794.606272	1482.000000	377.284284	0.258229	0.125602
192.603421	794.606171	1278.000000	377.284331	0.258229	0.125602
192.804476	794.606028	1184.000000	377.284399	0.256941	0.124314
191.859058	794.605804	1206.000000	377.284506	0.258229	0.124314
191.004210	794.605782	1278.000000	377.284516	0.256941	0.124314
190.805886	794.605789	1510.000000	377.284513	0.258229	0.124314
192.719487	794.605737	1550.000000	377.284538	0.256941	0.124314
192.451818	794.605712	1432.000000	377.284549	0.256941	0.124314
189.914961	794.605641	1346.000000	377.284583	0.256941	0.124314
192.982895	794.605598	1362.000000	377.284604	0.256941	0.124314
196.359783	794.605542	1388.000000	377.284630	0.258229	0.123027
193.867199	794.605487	1210.000000	377.284656	0.256941	0.124314
191.766338	794.605330	1516.000000	377.284731	0.256941	0.124314
193.311154	794.605145	1592.000000	377.284819	0.256941	0.124314
192.606742	794.604999	1798.000000	377.284888	0.256941	0.124314
194.166544	794.604940	1712.000000	377.284916	0.256941	0.124314
193.525709	794.604911	1714.000000	377.284930	0.256941	0.123027
191.435797	794.604880	1690.000000	377.284945	0.256941	0.124314
191.600559	794.604865	1744.000000	377.284952	0.256941	0.124314
192.358841	794.604790	1772.000000	377.284987	0.256941	0.123027
193.509952	794.604698	1730.000000	377.285031	0.256941	0.123027
189.812140	794.604656	1804.000000	377.285051	0.256941	0.124314
195.884755	794.604679	1666.000000	377.285040	0.256941	0.123027
192.718673	794.604757	1658.000000	377.285003	0.256941	0.123027
193.198103	794.604847	1706.000000	377.284960	0.256941	0.124314
193.050979	794.604879	1700.000000	377.284945	0.256941	0.124314
193.283587	794.604904	1696.000000	377.284933	0.256941	0.123027
194.884827	794.604935	1722.000000	377.284919	0.256941	0.124314
193.663136	794.604965	1640.000000	377.284904	0.256941	0.124314
192.577371	794.605165	1718.000000	377.284809	0.256941	0.124314
194.061630	794.605293	1644.000000	377.284748	0.256941	0.124314
194.398591	794.605475	1580.000000	377.284662	0.256941	0.124314
192.552630	794.605536	1500.000000	377.284633	0.256941	0.124314
194.260475	794.605589	1354.000000	377.284608	0.256941	0.124314
193.469599	794.605605	1172.000000	377.284600	0.256941	0.124314
190.412117	794.605657	984.000000	377.284576	0.256941	0.124314
191.986334	794.605710	1356.000000	377.284550	0.256941	0.124314
193.452752	794.605769	1458.000000	377.284522	0.256941	0.124314
192.315936	794.605789	1628.000000	377.284513	0.256941	0.124314
194.025806	794.605801	1544.000000	377.284507	0.256941	0.124314
193.159804	794.605827	1538.000000	377.284495	0.256941	0.124314
192.354248	794.605953	1412.000000	377.284435	0.256941	0.124314
193.072069	794.606136	1174.000000	377.284348	0.256941	0.124314
192.900517	794.606252	1236.000000	377.284293	0.256941	0.124314
192.204080	794.606400	1328.000000	377.284223	0.256941	0.124314
191.985069	794.606470	1160.000000	377.284190	0.256941	0.125602
193.647160	794.606507	694.000000	377.284172	0.256941	0.125602
194.597491	794.606544	652.000000	377.284154	0.256941	0.125602
192.693523	794.606568	1124.000000	377.284143	0.255653	0.125602
194.819848	794.606641	1048.000000	377.284108	0.256941	0.125602
193.749726	794.606688	1052.000000	377.284086	0.256941	0.125602
194.161132	794.606715	1016.000000	377.284073	0.255653	0.125602
194.872971	794.606750	1186.000000	377.284057	0.256941	0.125602
193.919330	794.606753	1392.000000	377.284055	0.255653	0.125602
194.995159	794.606832	1430.000000	377.284018	0.255653	0.125602
194.529706	794.607193	1600.000000	377.283846	0.255653	0.125602
194.102956	794.607297	1506.000000	377.283797	0.255653	0.125602
193.736778	794.607365	1656.000000	377.283765	0.255653	0.125602
192.053701	794.607410	1724.000000	377.283743	0.255653	0.125602
193.795210	794.607410	1736.000000	377.283743	0.255653	0.125602
192.939025	794.607474	1706.000000	377.283713	0.255653	0.125602
193.647881	794.607548	1562.000000	377.283678	0.255653	0.125602
193.401832	794.607602	1588.000000	377.283652	0.256941	0.125602
196.292127	794.607610	1514.000000	377.283648	0.256941	0.125602
193.702636	794.607633	1550.000000	377.283637	0.255653	0.125602
194.762561	794.607647	1590.000000	377.283631	0.255653	0.125602
192.574843	794.607706	1566.000000	377.283602	0.255653	0.125602
194.798734	794.607924	1466.000000	377.283499	0.255653	0.125602
194.088582	794.608087	1550.000000	377.283422	0.255653	0.125602
196.201105	794.608164	1682.000000	377.283385	0.255653	0.125602
194.798168	794.608293	1748.000000	377.283324	0.255653	0.124314
195.108424	794.608263	1586.000000	377.283338	0.255653	0.124314
194.043160	794.608149	1506.000000	377.283392	0.255653	0.124314
194.896030	794.608103	1360.000000	377.283414	0.255653	0.124314
193.601595	794.608025	1462.000000	377.283451	0.255653	0.125602
193.901459	794.608016	1438.000000	377.283455	0.255653	0.124314
193.795822	794.607946	1516.000000	377.283489	0.255653	0.124314
193.931048	794.607622	1538.000000	377.283642	0.255653	0.124314
192.888261	794.607607	1500.000000	377.283649	0.255653	0.124314
194.011027	794.607562	1528.000000	377.283671	0.255653	0.124314
194.553868	794.607519	1518.000000	377.283692	0.255653	0.123027
195.407750	794.607453	1616.000000	377.283723	0.255653	0.123027
195.225200	794.607406	1496.000000	377.283745	0.255653	0.124314
195.701652	794.607387	1584.000000	377.283754	0.254366	0.123027
190.832235	794.607354	1500.000000	377.283770	0.255653	0.124314
190.414400	794.607327	1402.000000	377.283782	0.255653	0.123027
192.722797	794.607290	1556.000000	377.283800	0.254366	0.123027
193.983603	794.607260	1592.000000	377.283814	0.255653	0.123027
193.016951	794.607089	1726.000000	377.283895	0.254366	0.123027
191.851802	794.607017	1512.000000	377.283930	0.254366	0.123027
189.968921	794.606694	1744.000000	377.284083	0.254366	0.123027
193.732100	794.606660	1556.000000	377.284099	0.254366	0.123027
194.220786	794.606601	1406.000000	377.284127	0.254366	0.123027
194.137872	794.606595	1096.000000	377.284130	0.254366	0.123027
193.990024	794.606596	904.000000	377.284130	0.254366	0.123027
191.342213	794.606538	706.000000	377.284157	0.255653	0.123027
194.170790	794.606499	874.000000	377.284176	0.255653	0.124314
192.657367	794.606460	1090.000000	377.284194	0.254366	0.123027
192.947332	794.606298	1254.000000	377.284271	0.254366	0.124314
193.472043	794.606288	1428.000000	377.284276	0.254366	0.124314
193.077430	794.606140	1320.000000	377.284346	0.254366	0.124314
193.051032	794.606116	1264.000000	377.284357	0.254366	0.123027
193.872677	794.605994	1364.000000	377.284415	0.254366	0.123027
194.154900	794.605979	1026.000000	377.284423	0.254366	0.123027
194.115578	794.605760	1282.000000	377.284527	0.254366	0.123027
193.337715	794.605640	1414.000000	377.284584	0.254366	0.123027
196.621378	794.605583	1104.000000	377.284611	0.254366	0.124314
194.507649	794.605537	1228.000000	377.284632	0.254366	0.124314
192.723107	794.605511	1096.000000	377.284645	0.254366	0.124314
197.095947	794.605498	1394.000000	377.284651	0.254366	0.124314
192.545183	794.605446	1464.000000	377.284676	0.254366	0.123027
192.902321	794.605308	1660.000000	377.284741	0.254366	0.124314
193.363017	794.605306	1648.000000	377.284742	0.254366	0.124314
194.674800	794.605020	1722.000000	377.284878	0.254366	0.124314
194.464368	794.604924	1606.000000	377.284924	0.254366	0.124314
194.899149	794.605114	1652.000000	377.284833	0.254366	0.124314
193.950221	794.604846	1654.000000	377.284961	0.254366	0.124314
193.313675	794.604819	1602.000000	377.284973	0.254366	0.124314
192.166820	794.604800	1706.000000	377.284982	0.254366	0.124314
193.895192	794.604702	1630.000000	377.285029	0.254366	0.123027
193.793105	794.604750	1604.000000	377.285006	0.254366	0.124314
194.348811	794.604610	1652.000000	377.285073	0.254366	0.124314
196.013231	794.604637	1678.000000	377.285060	0.254366	0.123027
194.265169	794.604667	1664.000000	377.285046	0.254366	0.124314
190.041647	794.604801	1672.000000	377.284982	0.254366	0.124314
192.440017	794.604822	1644.000000	377.284972	0.254366	0.123027
193.177886	794.604861	1714.000000	377.284953	0.254366	0.123027
193.947131	794.604864	1598.000000	377.284952	0.253078	0.124314
192.892897	794.604901	1616.000000	377.284934	0.254366	0.124314
192.766492	794.605018	1734.000000	377.284879	0.253078	0.124314
194.528692	794.605085	1636.000000	377.284847	0.253078	0.124314
194.324910	794.605350	1610.000000	377.284721	0.254366	0.124314
193.605074	794.605502	1516.000000	377.284649	0.254366	0.124314
197.079344	794.605553	1430.000000	377.284625	0.254366	0.124314
194.422795	794.605598	1278.000000	377.284604	0.253078	0.124314
195.623736	794.605625	1060.000000	377.284591	0.253078	0.124314
192.400568	794.605686	1144.000000	377.284562	0.254366	0.124314
193.671480	794.605769	1188.000000	377.284522	0.253078	0.124314
193.156587	794.605822	1438.000000	377.284497	0.253078	0.124314
197.714311	794.605833	1538.000000	377.284492	0.253078	0.124314
196.382725	794.605868	1386.000000	377.284475	0.254366	0.124314
191.763779	794.605864	1314.000000	377.284477	0.253078	0.124314
193.452263	794.605905	1166.000000	377.284458	0.254366	0.124314
195.739305	794.605969	1268.000000	377.284427	0.253078	0.124314
193.753007	794.606201	952.000000	377.284317	0.254366	0.124314
194.032182	794.606415	1134.000000	377.284216	0.253078	0.124314
195.149198	794.606481	1252.000000	377.284184	0.254366	0.124314
194.795703	794.606501	1270.000000	377.284175	0.253078	0.124314
193.989751	794.606530	1100.000000	377.284161	0.253078	0.124314
191.998865	794.606604	910.000000	377.284126	0.253078	0.124314
193.604395	794.606643	836.000000	377.284108	0.253078	0.124314
196.671358	794.606700	852.000000	377.284080	0.253078	0.124314
194.073704	794.606718	886.000000	377.284072	0.253078	0.125602
195.721904	794.606768	1010.000000	377.284048	0.253078	0.124314
193.731324	794.606780	1298.000000	377.284042	0.253078	0.125602
196.656388	794.606820	1426.000000	377.284023	0.253078	0.124314
194.702510	794.607046	1520.000000	377.283916	0.253078	0.125602
196.011223	794.607277	1396.000000	377.283806	0.253078	0.124314
196.422250	794.607372	1508.000000	377.283761	0.253078	0.125602
193.884378	794.607413	1444.000000	377.283742	0.253078	0.125602
197.304895	794.607457	1360.000000	377.283721	0.253078	0.124314
193.447722	794.607524	1440.000000	377.283689	0.253078	0.124314
192.891784	794.607567	1406.000000	377.283669	0.253078	0.124314
194.602705	794.607604	1426.000000	377.283651	0.253078	0.125602
193.603870	794.607653	1386.000000	377.283628	0.253078	0.125602
192.156033	794.607686	1272.000000	377.283612	0.253078	0.124314
192.674110	794.607697	1406.000000	377.283607	0.253078	0.124314
194.900578	794.607708	1372.000000	377.283602	0.253078	0.123027
195.083097	794.607825	1434.000000	377.283546	0.253078	0.124314
194.847117	794.608059	1528.000000	377.283435	0.253078	0.123027
194.444714	794.608186	1554.000000	377.283374	0.253078	0.124314
194.611028	794.608229	1520.000000	377.283354	0.253078	0.123027
194.567680	794.608149	1474.000000	377.283392	0.251790	0.123027
194.922945	794.608020	1488.000000	377.283454	0.253078	0.123027
195.614317	794.607859	1460.000000	377.283530	0.251790	0.123027
194.788153	794.607737	1414.000000	377.283588	0.253078	0.123027
194.669907	794.607707	1604.000000	377.283602	0.253078	0.123027
194.174806	794.607700	1570.000000	377.283605	0.253078	0.123027
195.747784	794.607677	1536.000000	377.283616	0.251790	0.123027
194.916216	794.607638	1590.000000	377.283635	0.251790	0.123027
193.307681	794.607582	1532.000000	377.283662	0.253078	0.121739
194.269918	794.607525	1616.000000	377.283688	0.253078	0.123027
196.649189	794.607477	1546.000000	377.283711	0.253078	0.123027
196.048979	794.607433	1534.000000	377.283732	0.253078	0.123027
194.359549	794.607384	1488.000000	377.283755	0.253078	0.123027
194.070426	794.607231	1500.000000	377.283828	0.253078	0.123027
195.135307	794.606928	1470.000000	377.283972	0.251790	0.123027
193.585848	794.606852	1428.000000	377.284008	0.253078	0.123027
196.298437	794.606811	1526.000000	377.284028	0.253078	0.123027
194.928894	794.606799	1190.000000	377.284033	0.253078	0.123027
194.011851	794.606766	1352.000000	377.284049	0.251790	0.124314
195.568709	794.606716	1190.000000	377.284072	0.253078	0.124314
193.483187	794.606687	906.000000	377.284086	0.251790	0.124314
195.160785	794.606627	862.000000	377.284115	0.251790	0.124314
195.071140	794.606583	678.000000	377.284136	0.253078	0.124314
195.074534	794.606546	976.000000	377.284154	0.253078	0.124314
194.113509	794.606430	1152.000000	377.284208	0.251790	0.124314
194.267912	794.606316	1118.000000	377.284263	0.251790	0.124314
192.374112	794.606117	1026.000000	377.284357	0.251790	0.124314
193.322766	794.605973	1072.000000	377.284425	0.251790	0.124314
194.155135	794.605889	1126.000000	377.284466	0.251790	0.124314
192.483330	794.605845	1264.000000	377.284486	0.251790	0.124314
193.406811	794.605822	1078.000000	377.284497	0.251790	0.124314
195.063573	794.605806	1124.000000	377.284505	0.251790	0.124314
192.203492	794.605807	1012.000000	377.284504	0.251790	0.124314
192.854955	794.605756	1066.000000	377.284528	0.251790	0.124314
192.843487	794.605673	956.000000	377.284568	0.251790	0.124314
191.647400	794.605636	1016.000000	377.284586	0.251790	0.125602
192.276171	794.605583	1212.000000	377.284611	0.253078	0.124314
194.259439	794.605507	1154.000000	377.284647	0.251790	0.124314
193.856631	794.605276	1200.000000	377.284756	0.251790	0.124314
193.429184	794.605125	1074.000000	377.284828	0.251790	0.124314
193.276017	794.605061	1204.000000	377.284858	0.251790	0.124314
193.190783	794.604972	1156.000000	377.284901	0.251790	0.124314
190.435044	794.604933	1174.000000	377.284919	0.251790	0.124314
194.584517	794.604908	1074.000000	377.284931	0.251790	0.124314
194.677236	794.604875	1112.000000	377.284947	0.251790	0.124314
192.643671	794.604859	1254.000000	377.284955	0.251790	0.124314
192.555525	794.604802	1226.000000	377.284981	0.251790	0.123027
192.491787	794.604706	1128.000000	377.285027	0.251790	0.124314
195.575478	794.604608	1214.000000	377.285074	0.251790	0.123027
192.425546	794.604581	1230.000000	377.285086	0.250503	0.123027
193.963201	794.604628	1206.000000	377.285064	0.251790	0.123027
192.863322	794.604695	1074.000000	377.285032	0.250503	0.123027
193.075786	794.604807	1250.000000	377.284979	0.251790	0.123027
192.649146	794.604866	1198.000000	377.284951	0.251790	0.123027
191.783171	794.604896	1266.000000	377.284937	0.251790	0.123027
197.393774	794.604914	1302.000000	377.284928	0.251790	0.123027
197.817186	794.604958	1170.000000	377.284907	0.250503	0.123027
195.980933	794.604960	1286.000000	377.284906	0.250503	0.123027
194.903126	794.605024	1280.000000	377.284876	0.250503	0.123027
195.487376	794.605130	1314.000000	377.284826	0.251790	0.123027
194.977216	794.605232	1214.000000	377.284777	0.251790	0.123027
192.712513	794.605451	1204.000000	377.284673	0.251790	0.123027
195.190896	794.605569	1272.000000	377.284617	0.251790	0.123027
193.865222	794.605617	1258.000000	377.284595	0.251790	0.123027
191.822468	794.605671	1172.000000	377.284569	0.251790	0.123027
193.862918	794.605742	974.000000	377.284535	0.251790	0.123027
196.186932	794.605811	986.000000	377.284502	0.250503	0.123027
191.464901	794.605827	1206.000000	377.284495	0.251790	0.124314
191.440250	794.605858	1186.000000	377.284480	0.250503	0.124314
192.700886	794.605840	1316.000000	377.284489	0.251790	0.124314
193.015193	794.605859	1242.000000	377.284480	0.251790	0.124314
193.596093	794.605903	1106.000000	377.284459	0.251790	0.124314
195.303408	794.606151	1126.000000	377.284341	0.251790	0.124314
191.934900	794.606341	950.000000	377.284251	0.251790	0.124314
193.582317	794.606453	1006.000000	377.284198	0.250503	0.124314
197.140138	794.606490	1010.000000	377.284180	0.251790	0.124314
195.345876	794.606566	996.000000	377.284144	0.250503	0.124314
195.436737	794.606625	770.000000	377.284116	0.250503	0.124314
195.021295	794.606662	744.000000	377.284098	0.250503	0.124314
193.216866	794.606726	650.000000	377.284068	0.251790	0.124314
194.867771	794.606758	866.000000	377.284053	0.250503	0.124314
194.550667	794.606785	1014.000000	377.284040	0.250503	0.124314
197.050206	794.606812	1026.000000	377.284027	0.251790	0.124314
196.218146	794.606843	1278.000000	377.284013	0.250503	0.124314
195.848100	794.606891	1186.000000	377.283989	0.250503	0.124314
196.402682	794.607035	1202.000000	377.283921	0.250503	0.124314
194.985706	794.607411	1548.000000	377.283743	0.250503	0.124314
196.556382	794.607421	1352.000000	377.283738	0.250503	0.124314
194.695563	794.607473	1340.000000	377.283713	0.250503	0.124314
193.499506	794.607491	1428.000000	377.283705	0.250503	0.124314
194.364559	794.607536	1340.000000	377.283684	0.250503	0.124314
195.007506	794.607602	1302.000000	377.283652	0.250503	0.124314
194.682120	794.607662	1338.000000	377.283624	0.250503	0.124314
195.499165	794.607689	1262.000000	377.283611	0.250503	0.123027
197.447299	794.607710	1222.000000	377.283601	0.250503	0.124314
196.973757	794.607735	1266.000000	377.283589	0.250503	0.124314
194.189670	794.607762	1262.000000	377.283576	0.250503	0.124314
194.714397	794.607817	1202.000000	377.283550	0.250503	0.124314
194.302221	794.608077	1452.000000	377.283427	0.250503	0.124314
195.230354	794.608145	1498.000000	377.283394	0.250503	0.124314
194.897321	794.608082	1366.000000	377.283424	0.250503	0.123027
194.353308	794.607849	1572.000000	377.283535	0.250503	0.123027
192.916153	794.607780	1570.000000	377.283567	0.250503	0.123027
195.930851	794.607736	1434.000000	377.283588	0.250503	0.121739
195.746622	794.607715	1674.000000	377.283598	0.250503	0.123027
196.321553	794.607698	1556.000000	377.283606	0.250503	0.121739
195.341668	794.607651	1646.000000	377.283629	0.250503	0.123027
194.328577	794.607629	1464.000000	377.283639	0.250503	0.123027
193.445437	794.607580	1588.000000	377.283662	0.250503	0.123027
194.466850	794.607515	1488.000000	377.283693	0.250503	0.121739
196.733999	794.607473	1590.000000	377.283713	0.250503	0.121739
192.470061	794.607439	1410.000000	377.283730	0.250503	0.121739
194.782198	794.607324	1514.000000	377.283784	0.250503	0.123027
194.693518	794.607078	1492.000000	377.283901	0.249215	0.121739
195.025635	794.606894	1492.000000	377.283988	0.250503	0.121739
196.140235	794.606844	1430.000000	377.284012	0.250503	0.123027
