163.176515	794.606124	0.000000	377.284354	0.204148	0.094699
161.367169	794.606132	5790.000000	377.284350	0.205435	0.115301
163.927241	794.606166	5390.000000	377.284334	0.205435	0.128177
160.676530	794.606179	5530.000000	377.284327	0.204148	0.138478
162.418778	794.606202	5700.000000	377.284317	0.205435	0.144916
159.959889	794.606519	4880.000000	377.284166	0.204148	0.148779
163.066332	794.606715	5900.000000	377.284073	0.205435	0.152642
161.065143	794.606758	6040.000000	377.284053	0.205435	0.155218
164.055354	794.606797	7070.000000	377.284034	0.205435	0.156505
164.928267	794.606828	6330.000000	377.284020	0.205435	0.157793
160.847083	794.606848	6500.000000	377.284010	0.204148	0.159080
162.718060	794.606868	5680.000000	377.284001	0.205435	0.159080
161.465660	794.606904	6630.000000	377.283983	0.204148	0.159080
162.522116	794.606910	6520.000000	377.283981	0.204148	0.159080
161.258220	794.606943	6680.000000	377.283965	0.204148	0.160368
161.698217	794.606969	6940.000000	377.283952	0.204148	0.160368
162.399919	794.606989	6580.000000	377.283943	0.204148	0.160368
163.187257	794.607018	6570.000000	377.283929	0.205435	0.160368
160.701582	794.607052	6960.000000	377.283913	0.204148	0.160368
162.888235	794.607524	6860.000000	377.283689	0.205435	0.160368
160.686643	794.607646	7300.000000	377.283631	0.205435	0.160368
162.287581	794.607673	7020.000000	377.283618	0.205435	0.160368
162.999572	794.607622	6770.000000	377.283643	0.205435	0.160368
162.637607	794.607329	6690.000000	377.283782	0.204148	0.160368
161.140326	794.607069	5910.000000	377.283905	0.204148	0.161656
163.435638	794.607049	6870.000000	377.283915	0.205435	0.160368
161.082174	794.607036	6860.000000	377.283921	0.205435	0.160368
160.218400	794.607013	6210.000000	377.283931	0.204148	0.160368
163.409497	794.606979	6500.000000	377.283948	0.204148	0.160368
160.690571	794.606960	6470.000000	377.283957	0.204148	0.160368
161.087615	794.606918	6300.000000	377.283977	0.205435	0.160368
164.177309	794.606903	6530.000000	377.283984	0.204148	0.160368
163.271794	794.606872	6260.000000	377.283999	0.205435	0.160368
159.878710	794.606837	6080.000000	377.284015	0.205435	0.160368
164.136036	794.606828	6330.000000	377.284020	0.205435	0.160368
161.994898	794.606803	6360.000000	377.284032	0.205435	0.160368
162.411019	794.606500	5660.000000	377.284175	0.204148	0.160368
160.790103	794.606318	5470.000000	377.284262	0.204148	0.160368
160.442766	794.606222	5020.000000	377.284307	0.204148	0.160368
160.683520	794.606188	5360.000000	377.284323	0.204148	0.160368
158.550178	794.606151	5550.000000	377.284341	0.204148	0.161656
160.383995	794.606134	5190.000000	377.284349	0.204148	0.160368
162.707051	794.606109	5950.000000	377.284361	0.204148	0.161656
162.301681	794.606071	5110.000000	377.284379	0.204148	0.160368
162.014061	794.606022	5110.000000	377.284402	0.204148	0.160368
161.472677	794.605979	4310.000000	377.284423	0.204148	0.160368
161.623387	794.605957	3960.000000	377.284433	0.204148	0.160368
164.252261	794.605931	2810.000000	377.284445	0.204148	0.160368
163.166008	794.605893	2760.000000	377.284463	0.204148	0.160368
161.261431	794.605800	4320.000000	377.284508	0.204148	0.160368
159.164888	794.605481	5320.000000	377.284659	0.204148	0.160368
161.012889	794.605232	6200.000000	377.284777	0.205435	0.160368
158.651841	794.605214	5940.000000	377.284786	0.204148	0.160368
158.584732	794.605206	6530.000000	377.284790	0.204148	0.160368
162.435081	794.605177	6860.000000	377.284803	0.204148	0.160368
159.455502	794.605162	6640.000000	377.284811	0.204148	0.160368
161.524449	794.605137	6320.000000	377.284822	0.204148	0.160368
162.548699	794.605110	6610.000000	377.284835	0.204148	0.160368
162.193709	794.605093	6610.000000	377.284843	0.204148	0.160368
162.798470	794.605055	6390.000000	377.284861	0.204148	0.160368
160.568976	794.605010	6560.000000	377.284883	0.204148	0.161656
161.372487	794.604983	6600.000000	377.284896	0.204148	0.161656
161.402670	794.604958	6710.000000	377.284908	0.204148	0.160368
162.360926	794.604633	6530.000000	377.285062	0.204148	0.160368
160.711981	794.604381	6500.000000	377.285181	0.204148	0.160368
159.334737	794.604347	6000.000000	377.285197	0.205435	0.160368
160.577098	794.604311	6220.000000	377.285215	0.205435	0.160368
162.360606	794.604279	6480.000000	377.285230	0.204148	0.160368
160.775374	794.604257	6480.000000	377.285240	0.204148	0.160368
162.938027	794.604213	6330.000000	377.285261	0.205435	0.160368
160.789515	794.604187	6200.000000	377.285274	0.204148	0.160368
162.352705	794.604158	6560.000000	377.285287	0.204148	0.160368
159.430600	794.604181	6280.000000	377.285276	0.204148	0.160368
163.803511	794.604203	6600.000000	377.285266	0.204148	0.160368
158.814111	794.604224	6680.000000	377.285256	0.204148	0.160368
163.460399	794.604239	6550.000000	377.285249	0.204148	0.160368
161.646789	794.604280	6290.000000	377.285229	0.204148	0.161656
161.087586	794.604313	6480.000000	377.285213	0.205435	0.161656
160.647955	794.604343	5860.000000	377.285200	0.204148	0.160368
158.983973	794.604377	6200.000000	377.285183	0.204148	0.160368
159.647625	794.604924	6100.000000	377.284923	0.204148	0.160368
164.640908	794.604956	6420.000000	377.284908	0.205435	0.160368
160.449726	794.604983	6270.000000	377.284896	0.204148	0.160368
162.777613	794.605002	6120.000000	377.284887	0.204148	0.160368
160.224147	794.605024	6760.000000	377.284876	0.204148	0.160368
161.606474	794.605068	6040.000000	377.284855	0.204148	0.160368
160.439780	794.605098	6410.000000	377.284841	0.204148	0.160368
163.127634	794.605120	6270.000000	377.284831	0.204148	0.160368
164.317552	794.605164	6290.000000	377.284810	0.204148	0.160368
160.393286	794.605186	6290.000000	377.284799	0.204148	0.160368
161.337422	794.605207	6370.000000	377.284789	0.204148	0.160368
161.481870	794.605240	5850.000000	377.284774	0.204148	0.160368
159.809716	794.605250	6350.000000	377.284769	0.204148	0.160368
162.315402	794.605243	6580.000000	377.284772	0.204148	0.160368
161.757123	794.605638	4700.000000	377.284585	0.204148	0.160368
163.448616	794.605874	3260.000000	377.284472	0.204148	0.160368
159.052495	794.605913	3100.000000	377.284454	0.204148	0.160368
160.492957	794.605938	3370.000000	377.284442	0.205435	0.161656
163.031481	794.605956	3420.000000	377.284434	0.204148	0.161656
159.328693	794.605982	3470.000000	377.284421	0.204148	0.160368
162.833944	794.606017	4010.000000	377.284405	0.204148	0.160368
163.835840	794.606057	4640.000000	377.284386	0.204148	0.160368
161.217838	794.606117	4960.000000	377.284357	0.204148	0.160368
160.675215	794.606162	5700.000000	377.284336	0.204148	0.161656
159.475399	794.606196	5700.000000	377.284319	0.205435	0.160368
161.642478	794.606227	5070.000000	377.284305	0.204148	0.160368
162.633935	794.606250	5880.000000	377.284294	0.205435	0.160368
161.308645	794.606500	5040.000000	377.284175	0.204148	0.160368
163.307656	794.606701	5780.000000	377.284080	0.204148	0.160368
160.753956	794.606842	6020.000000	377.284013	0.204148	0.160368
162.673822	794.606874	5850.000000	377.283997	0.205435	0.160368
164.792128	794.606893	6500.000000	377.283988	0.204148	0.160368
161.879890	794.606913	6180.000000	377.283979	0.204148	0.160368
160.566165	794.606934	6080.000000	377.283969	0.204148	0.160368
163.590882	794.606950	6670.000000	377.283962	0.204148	0.160368
161.970586	794.606999	5870.000000	377.283938	0.205435	0.160368
162.299513	794.607050	6270.000000	377.283914	0.205435	0.160368
163.360518	794.607075	6160.000000	377.283902	0.205435	0.160368
163.641396	794.607075	6420.000000	377.283902	0.204148	0.160368
164.152061	794.607078	6050.000000	377.283901	0.204148	0.160368
161.579866	794.607357	6560.000000	377.283768	0.204148	0.159080
161.452372	794.607418	6670.000000	377.283739	0.204148	0.159080
163.242733	794.607136	6260.000000	377.283873	0.204148	0.160368
160.449663	794.607142	6170.000000	377.283871	0.204148	0.160368
165.402546	794.607108	6830.000000	377.283887	0.204148	0.160368
163.581747	794.607091	6450.000000	377.283894	0.204148	0.159080
161.983677	794.607068	6240.000000	377.283906	0.204148	0.160368
162.726890	794.607007	6120.000000	377.283934	0.204148	0.160368
163.021247	794.606989	5590.000000	377.283943	0.204148	0.160368
161.308057	794.606967	6180.000000	377.283953	0.204148	0.160368
164.876955	794.606918	5920.000000	377.283977	0.204148	0.160368
164.194429	794.606900	5810.000000	377.283985	0.204148	0.159080
163.190610	794.606883	6170.000000	377.283994	0.204148	0.160368
164.272004	794.606839	6320.000000	377.284014	0.204148	0.160368
164.149002	794.606829	5710.000000	377.284019	0.204148	0.160368
161.219873	794.606540	4910.000000	377.284156	0.204148	0.160368
161.660337	794.606279	4670.000000	377.284280	0.204148	0.160368
159.912326	794.606248	5410.000000	377.284295	0.204148	0.159080
158.532882	794.606233	5690.000000	377.284302	0.204148	0.160368
162.978310	794.606212	5290.000000	377.284312	0.204148	0.160368
162.015374	794.606178	5210.000000	377.284328	0.204148	0.160368
164.118537	794.606147	5450.000000	377.284343	0.204148	0.160368
163.509201	794.606096	5060.000000	377.284367	0.204148	0.160368
163.615642	794.606026	4820.000000	377.284400	0.204148	0.159080
163.879782	794.605974	3470.000000	377.284425	0.204148	0.160368
161.226476	794.605965	2850.000000	377.284429	0.204148	0.160368
165.200781	794.605969	2850.000000	377.284427	0.204148	0.159080
163.821969	794.605877	3930.000000	377.284471	0.204148	0.160368
162.063712	794.605388	5470.000000	377.284703	0.204148	0.160368
163.060524	794.605313	5860.000000	377.284739	0.204148	0.159080
159.689689	794.605296	6060.000000	377.284747	0.204148	0.159080
162.064319	794.605273	5910.000000	377.284758	0.204148	0.159080
163.483442	794.605244	5910.000000	377.284772	0.204148	0.159080
160.451083	794.605242	6550.000000	377.284773	0.204148	0.159080
163.376067	794.605231	6530.000000	377.284778	0.204148	0.159080
162.102291	794.605188	5960.000000	377.284798	0.204148	0.159080
161.955801	794.605141	6540.000000	377.284820	0.204148	0.159080
160.898131	794.605094	6520.000000	377.284843	0.204148	0.159080
162.520419	794.605073	6610.000000	377.284853	0.204148	0.159080
163.314673	794.605041	6650.000000	377.284868	0.204148	0.159080
162.893600	794.605021	6910.000000	377.284878	0.204148	0.159080
160.767144	794.604985	6640.000000	377.284894	0.204148	0.159080
161.006960	794.604594	6310.000000	377.285080	0.204148	0.159080
162.015983	794.604432	6370.000000	377.285157	0.204148	0.159080
160.194433	794.604347	6740.000000	377.285198	0.204148	0.159080
161.599592	794.604312	6080.000000	377.285214	0.204148	0.160368
163.005645	794.604272	7340.000000	377.285233	0.204148	0.160368
160.413315	794.604229	6540.000000	377.285253	0.204148	0.160368
161.352709	794.604201	7050.000000	377.285267	0.204148	0.160368
162.628210	794.604185	6170.000000	377.285274	0.204148	0.159080
160.818482	794.604133	6640.000000	377.285299	0.204148	0.159080
161.638141	794.604124	6710.000000	377.285303	0.204148	0.159080
162.040269	794.604148	6610.000000	377.285292	0.204148	0.159080
163.248512	794.604156	6690.000000	377.285288	0.204148	0.160368
162.117937	794.604162	6290.000000	377.285285	0.204148	0.159080
159.199744	794.604188	6340.000000	377.285273	0.204148	0.159080
161.176555	794.604227	6180.000000	377.285255	0.204148	0.159080
159.562630	794.604257	6280.000000	377.285240	0.204148	0.159080
161.201033	794.604303	6290.000000	377.285218	0.204148	0.159080
161.463531	794.604539	6570.000000	377.285106	0.204148	0.159080
163.136988	794.604911	6220.000000	377.284930	0.204148	0.159080
161.891744	794.604929	6760.000000	377.284921	0.204148	0.159080
164.931417	794.604957	6590.000000	377.284908	0.204148	0.159080
165.502850	794.605002	6730.000000	377.284886	0.204148	0.159080
163.153807	794.605017	5600.000000	377.284880	0.204148	0.159080
164.086931	794.605035	5670.000000	377.284871	0.204148	0.159080
162.730166	794.605056	5910.000000	377.284861	0.204148	0.160368
162.105161	794.605094	6430.000000	377.284843	0.204148	0.159080
160.934993	794.605165	6540.000000	377.284809	0.204148	0.159080
160.606798	794.605203	6180.000000	377.284791	0.204148	0.159080
160.466600	794.605247	5690.000000	377.284770	0.204148	0.159080
160.835928	794.605233	5620.000000	377.284777	0.204148	0.159080
162.142610	794.605255	5930.000000	377.284766	0.204148	0.159080
160.162051	794.605287	5870.000000	377.284751	0.204148	0.159080
162.378166	794.605294	5410.000000	377.284748	0.205435	0.159080
162.616616	794.605327	4500.000000	377.284732	0.204148	0.159080
160.064072	794.605905	3330.000000	377.284458	0.204148	0.160368
163.039530	794.605910	4460.000000	377.284455	0.204148	0.159080
166.405291	794.605941	4410.000000	377.284441	0.204148	0.159080
163.461623	794.605973	4070.000000	377.284425	0.204148	0.159080
164.146224	794.606017	5370.000000	377.284405	0.204148	0.160368
163.130067	794.606062	5110.000000	377.284383	0.204148	0.159080
162.087571	794.606109	5690.000000	377.284361	0.204148	0.159080
162.866812	794.606130	5550.000000	377.284351	0.204148	0.160368
162.799536	794.606147	5270.000000	377.284343	0.204148	0.160368
166.730923	794.606182	5570.000000	377.284326	0.204148	0.159080
163.790649	794.606181	5160.000000	377.284327	0.204148	0.159080
163.317247	794.606334	4950.000000	377.284254	0.204148	0.159080
164.608249	794.606720	6160.000000	377.284071	0.205435	0.159080
163.726432	794.606785	5910.000000	377.284040	0.204148	0.159080
165.780978	794.606813	5900.000000	377.284027	0.204148	0.159080
161.663666	794.606828	6270.000000	377.284019	0.204148	0.159080
165.555323	794.606847	6330.000000	377.284010	0.204148	0.159080
164.250289	794.606894	6580.000000	377.283988	0.204148	0.159080
162.518499	794.606905	6220.000000	377.283983	0.204148	0.159080
164.569412	794.606931	6460.000000	377.283970	0.204148	0.159080
163.693188	794.606963	6170.000000	377.283956	0.204148	0.159080
165.641685	794.606993	6570.000000	377.283941	0.204148	0.159080
164.579625	794.607034	6640.000000	377.283922	0.204148	0.160368
162.784472	794.607057	6300.000000	377.283911	0.204148	0.159080
163.286985	794.607093	6470.000000	377.283894	0.202860	0.159080
162.991551	794.607149	6630.000000	377.283867	0.204148	0.159080
164.055985	794.607081	6570.000000	377.283900	0.204148	0.160368
163.181072	794.607062	6080.000000	377.283908	0.204148	0.159080
164.148738	794.607053	6330.000000	377.283913	0.204148	0.159080
165.247557	794.607018	6610.000000	377.283929	0.204148	0.159080
163.626028	794.606985	6140.000000	377.283945	0.204148	0.159080
164.081361	794.606951	6270.000000	377.283961	0.204148	0.159080
163.163065	794.606914	6200.000000	377.283979	0.204148	0.159080
163.201841	794.606891	5800.000000	377.283989	0.204148	0.160368
163.182751	794.606868	6500.000000	377.284000	0.204148	0.160368
162.141596	794.606841	5750.000000	377.284013	0.204148	0.160368
160.680016	794.606828	5840.000000	377.284020	0.204148	0.160368
158.915503	794.606825	5620.000000	377.284021	0.204148	0.160368
159.682154	794.606789	5940.000000	377.284038	0.204148	0.160368
161.844763	794.606541	5690.000000	377.284156	0.204148	0.159080
162.577298	794.606317	5200.000000	377.284262	0.204148	0.160368
163.077499	794.606202	5850.000000	377.284317	0.205435	0.159080
164.221416	794.606168	5050.000000	377.284333	0.204148	0.160368
164.445968	794.606136	4870.000000	377.284348	0.204148	0.159080
164.038893	794.606101	5150.000000	377.284365	0.204148	0.159080
163.774350	794.606061	4380.000000	377.284384	0.204148	0.160368
162.762963	794.606041	4500.000000	377.284393	0.204148	0.160368
162.959080	794.606018	4760.000000	377.284404	0.204148	0.160368
164.678848	794.605999	4360.000000	377.284413	0.204148	0.160368
162.223091	794.605956	3260.000000	377.284434	0.204148	0.160368
164.976969	794.605928	3000.000000	377.284447	0.204148	0.160368
162.718933	794.605850	3830.000000	377.284484	0.204148	0.160368
162.476864	794.605506	5280.000000	377.284647	0.204148	0.159080
161.752942	794.605251	5880.000000	377.284768	0.204148	0.160368
163.442655	794.605219	6020.000000	377.284784	0.204148	0.159080
163.575993	794.605175	6030.000000	377.284805	0.204148	0.159080
163.774923	794.605113	6160.000000	377.284834	0.204148	0.160368
162.025754	794.605107	6010.000000	377.284837	0.204148	0.160368
163.850397	794.605091	6280.000000	377.284844	0.204148	0.159080
162.181537	794.605053	6430.000000	377.284862	0.204148	0.160368
162.264401	794.605025	6400.000000	377.284876	0.204148	0.160368
163.134970	794.604982	6390.000000	377.284896	0.204148	0.160368
159.260981	794.604951	6810.000000	377.284911	0.204148	0.159080
163.180530	794.604951	6710.000000	377.284911	0.204148	0.160368
159.252302	794.604946	6630.000000	377.284913	0.204148	0.160368
159.509753	794.604917	6390.000000	377.284927	0.204148	0.160368
160.781862	794.604910	6050.000000	377.284930	0.204148	0.160368
160.469108	794.604373	6440.000000	377.285185	0.204148	0.160368
160.404990	794.604320	6350.000000	377.285211	0.204148	0.160368
160.324151	794.604252	6230.000000	377.285243	0.204148	0.160368
160.921152	794.604205	6630.000000	377.285265	0.204148	0.159080
161.100247	794.604174	7010.000000	377.285280	0.204148	0.160368
159.708222	794.604105	6820.000000	377.285312	0.204148	0.160368
157.575515	794.604056	6730.000000	377.285336	0.204148	0.160368
157.459634	794.604013	6240.000000	377.285356	0.204148	0.160368
161.087670	794.603970	6300.000000	377.285376	0.204148	0.160368
162.315115	794.603976	6640.000000	377.285374	0.204148	0.159080
161.503581	794.603997	6590.000000	377.285363	0.204148	0.160368
158.980196	794.604030	6640.000000	377.285348	0.204148	0.160368
159.810406	794.604081	6300.000000	377.285324	0.204148	0.160368
159.520457	794.604126	6490.000000	377.285303	0.204148	0.160368
163.030527	794.604478	6660.000000	377.285135	0.204148	0.160368
161.889924	794.604696	6390.000000	377.285032	0.204148	0.160368
162.148391	794.604741	6000.000000	377.285010	0.204148	0.160368
161.894691	794.604811	5870.000000	377.284977	0.204148	0.160368
160.428766	794.604863	6350.000000	377.284952	0.204148	0.159080
162.670446	794.604916	6320.000000	377.284927	0.204148	0.160368
161.608348	794.604980	6270.000000	377.284897	0.204148	0.160368
162.457606	794.605049	6210.000000	377.284864	0.204148	0.160368
162.081705	794.604744	6630.000000	377.285009	0.204148	0.160368
163.431573	794.604811	6300.000000	377.284977	0.204148	0.160368
163.327684	794.605038	6110.000000	377.284869	0.204148	0.160368
160.649318	794.605070	6220.000000	377.284854	0.204148	0.160368
162.158680	794.605113	6020.000000	377.284834	0.204148	0.160368
161.590005	794.605147	6100.000000	377.284817	0.204148	0.160368
161.527558	794.605188	6140.000000	377.284798	0.204148	0.160368
162.773970	794.605204	6030.000000	377.284791	0.204148	0.160368
161.066799	794.605196	6290.000000	377.284794	0.204148	0.160368
162.270492	794.605236	6290.000000	377.284776	0.204148	0.160368
160.803115	794.605434	6000.000000	377.284681	0.204148	0.160368
162.677962	794.605868	4670.000000	377.284475	0.204148	0.160368
160.992491	794.605933	2830.000000	377.284444	0.204148	0.160368
161.746605	794.605983	3740.000000	377.284421	0.204148	0.160368
162.853851	794.606006	4050.000000	377.284410	0.204148	0.160368
162.632749	794.606057	4920.000000	377.284386	0.204148	0.160368
160.775504	794.606112	4990.000000	377.284360	0.204148	0.160368
163.209808	794.606141	5260.000000	377.284346	0.204148	0.159080
161.073744	794.606170	5200.000000	377.284332	0.204148	0.160368
161.105058	794.606186	5250.000000	377.284324	0.204148	0.160368
161.046366	794.606196	5490.000000	377.284320	0.204148	0.160368
162.731009	794.606210	5530.000000	377.284313	0.204148	0.160368
161.343647	794.606284	5240.000000	377.284278	0.204148	0.160368
162.557585	794.606316	5240.000000	377.284262	0.204148	0.160368
162.215923	794.606692	5370.000000	377.284084	0.204148	0.160368
161.848814	794.606835	5320.000000	377.284016	0.204148	0.160368
163.896401	794.606862	5850.000000	377.284003	0.204148	0.160368
162.163431	794.606874	6120.000000	377.283997	0.204148	0.160368
161.122836	794.606902	6130.000000	377.283984	0.204148	0.160368
163.731980	794.606915	6050.000000	377.283978	0.204148	0.160368
163.757888	794.606939	5740.000000	377.283967	0.204148	0.160368
163.000794	794.607043	6310.000000	377.283918	0.204148	0.160368
162.673741	794.607112	6130.000000	377.283885	0.204148	0.160368
162.584681	794.607064	5880.000000	377.283907	0.204148	0.160368
162.738874	794.607085	6190.000000	377.283897	0.204148	0.160368
163.701916	794.607169	5960.000000	377.283857	0.204148	0.160368
163.777551	794.607308	6170.000000	377.283791	0.204148	0.160368
161.999508	794.607121	6090.000000	377.283881	0.204148	0.160368
163.695469	794.607110	6260.000000	377.283886	0.204148	0.160368
162.758131	794.607085	5980.000000	377.283897	0.204148	0.160368
162.299372	794.607037	6440.000000	377.283920	0.204148	0.160368
162.978009	794.607023	5990.000000	377.283927	0.204148	0.160368
162.338286	794.606980	6530.000000	377.283948	0.204148	0.160368
160.303876	794.606971	5950.000000	377.283952	0.204148	0.160368
161.298250	794.606952	6010.000000	377.283961	0.204148	0.160368
161.228493	794.606909	5650.000000	377.283981	0.204148	0.160368
160.930121	794.606873	6070.000000	377.283998	0.204148	0.160368
161.756234	794.606842	6340.000000	377.284013	0.204148	0.160368
162.832993	794.606819	5810.000000	377.284024	0.204148	0.160368
160.438369	794.606720	5340.000000	377.284071	0.204148	0.161656
160.381402	794.606303	5340.000000	377.284269	0.204148	0.160368
171.018744	794.606460	4340.000000	377.284194	0.204148	0.160368
162.110809	794.606299	4130.000000	377.284271	0.204148	0.160368
163.204389	794.606169	5080.000000	377.284333	0.204148	0.160368
161.915896	794.606160	5560.000000	377.284337	0.204148	0.160368
162.212448	794.606153	5030.000000	377.284340	0.204148	0.160368
162.228225	794.606154	4210.000000	377.284340	0.204148	0.160368
163.016575	794.606094	4500.000000	377.284368	0.204148	0.160368
163.599250	794.606016	3200.000000	377.284405	0.204148	0.160368
163.771774	794.605924	2480.000000	377.284449	0.204148	0.160368
163.859294	794.605908	3660.000000	377.284456	0.204148	0.160368
162.045834	794.605900	3800.000000	377.284460	0.204148	0.160368
165.121859	794.605832	4570.000000	377.284492	0.204148	0.160368
162.858491	794.605395	5260.000000	377.284700	0.204148	0.160368
162.820701	794.605263	5950.000000	377.284762	0.204148	0.160368
161.541027	794.605237	5960.000000	377.284775	0.204148	0.160368
161.638009	794.605236	6080.000000	377.284775	0.204148	0.160368
160.576478	794.605205	5840.000000	377.284790	0.202860	0.160368
162.545918	794.605168	5890.000000	377.284808	0.204148	0.160368
160.755389	794.605159	6030.000000	377.284812	0.204148	0.160368
161.606188	794.605146	6110.000000	377.284818	0.204148	0.160368
161.186446	794.605109	6270.000000	377.284836	0.204148	0.160368
159.652914	794.605054	6150.000000	377.284862	0.204148	0.160368
161.872230	794.605017	5940.000000	377.284880	0.204148	0.160368
162.083938	794.604985	5900.000000	377.284894	0.204148	0.160368
161.156520	794.604964	6590.000000	377.284905	0.204148	0.160368
159.735799	794.604947	6290.000000	377.284913	0.204148	0.160368
161.800423	794.604442	5860.000000	377.285152	0.204148	0.159080
161.523616	794.604388	6040.000000	377.285178	0.204148	0.160368
161.490351	794.604288	6220.000000	377.285225	0.204148	0.160368
161.214879	794.604230	6210.000000	377.285253	0.204148	0.159080
162.094957	794.604185	6380.000000	377.285274	0.204148	0.159080
162.684223	794.604148	6620.000000	377.285292	0.204148	0.160368
162.013389	794.604122	6280.000000	377.285304	0.204148	0.160368
161.517293	794.604106	6310.000000	377.285312	0.204148	0.160368
161.299018	794.604092	5940.000000	377.285319	0.204148	0.160368
160.878309	794.604096	6680.000000	377.285317	0.204148	0.160368
160.951936	794.604130	6260.000000	377.285301	0.204148	0.160368
162.646444	794.604152	6320.000000	377.285290	0.204148	0.160368
162.354933	794.604166	6150.000000	377.285283	0.202860	0.160368
160.261072	794.604182	6780.000000	377.285276	0.202860	0.159080
158.908834	794.604199	6110.000000	377.285268	0.204148	0.159080
160.219301	794.604255	6510.000000	377.285241	0.204148	0.159080
160.780337	794.604295	6190.000000	377.285222	0.204148	0.160368
158.936788	794.604325	6400.000000	377.285208	0.204148	0.160368
159.772999	794.604439	6580.000000	377.285154	0.204148	0.160368
160.619019	794.604901	6260.000000	377.284935	0.202860	0.160368
161.369263	794.604936	6000.000000	377.284918	0.204148	0.160368
161.424211	794.604969	6050.000000	377.284902	0.204148	0.160368
162.709450	794.604989	5840.000000	377.284893	0.202860	0.159080
160.991574	794.605008	5690.000000	377.284884	0.204148	0.159080
161.154678	794.605050	6160.000000	377.284864	0.204148	0.160368
160.877109	794.605073	5920.000000	377.284853	0.204148	0.159080
160.908324	794.605091	5770.000000	377.284844	0.204148	0.160368
160.572849	794.605117	6100.000000	377.284832	0.204148	0.160368
161.580911	794.605158	5850.000000	377.284812	0.204148	0.160368
160.311650	794.605202	6330.000000	377.284792	0.202860	0.160368
160.500849	794.605226	5940.000000	377.284780	0.204148	0.160368
159.102973	794.605240	6020.000000	377.284774	0.204148	0.160368
160.295893	794.605241	6390.000000	377.284773	0.204148	0.160368
161.626726	794.605363	5420.000000	377.284715	0.204148	0.159080
160.148060	794.605885	5130.000000	377.284467	0.204148	0.160368
163.273275	794.605911	3770.000000	377.284455	0.204148	0.160368
164.844312	794.605947	3690.000000	377.284438	0.202860	0.160368
160.574364	794.605995	2690.000000	377.284415	0.204148	0.159080
162.894219	794.606009	2660.000000	377.284408	0.204148	0.160368
163.738082	794.606023	3100.000000	377.284402	0.204148	0.159080
161.006923	794.606036	3470.000000	377.284395	0.204148	0.160368
162.551126	794.606039	3750.000000	377.284394	0.202860	0.160368
163.464963	794.606034	3520.000000	377.284396	0.204148	0.160368
162.043472	794.606267	4000.000000	377.284286	0.204148	0.160368
162.317005	794.606492	2270.000000	377.284179	0.204148	0.160368
160.907782	794.606609	2070.000000	377.284124	0.204148	0.159080
163.676999	794.606657	3250.000000	377.284101	0.204148	0.160368
161.993358	794.606697	4520.000000	377.284082	0.202860	0.159080
160.895169	794.606715	4630.000000	377.284073	0.202860	0.159080
163.006468	794.606765	5110.000000	377.284050	0.202860	0.159080
160.795883	794.606802	5460.000000	377.284032	0.204148	0.160368
162.887861	794.606825	5610.000000	377.284021	0.202860	0.159080
162.417496	794.606856	5270.000000	377.284006	0.204148	0.159080
162.366757	794.606865	5530.000000	377.284002	0.202860	0.159080
159.908852	794.606885	5510.000000	377.283992	0.202860	0.159080
162.010559	794.606904	5730.000000	377.283983	0.204148	0.157793
162.260517	794.607166	6290.000000	377.283859	0.204148	0.159080
160.853849	794.607452	5790.000000	377.283723	0.202860	0.159080
161.525644	794.607477	5950.000000	377.283711	0.204148	0.159080
163.886971	794.607490	6200.000000	377.283705	0.202860	0.159080
163.463894	794.607469	6330.000000	377.283715	0.204148	0.159080
164.414982	794.607433	5860.000000	377.283732	0.202860	0.159080
160.822706	794.607405	5740.000000	377.283745	0.202860	0.159080
161.698309	794.607144	5620.000000	377.283870	0.202860	0.159080
162.194171	794.606852	5200.000000	377.284008	0.204148	0.159080
164.194175	794.606854	5190.000000	377.284007	0.204148	0.157793
163.788065	794.606850	5330.000000	377.284009	0.204148	0.159080
164.788910	794.606843	5050.000000	377.284012	0.202860	0.159080
163.619226	794.606841	4650.000000	377.284014	0.204148	0.159080
160.667683	794.606832	5210.000000	377.284018	0.204148	0.159080
165.425528	794.606803	5080.000000	377.284031	0.204148	0.159080
161.923089	794.606792	6030.000000	377.284036	0.202860	0.159080
163.188673	794.606782	5020.000000	377.284041	0.204148	0.159080
161.410507	794.606384	4570.000000	377.284230	0.204148	0.159080
163.342489	794.606232	4200.000000	377.284302	0.204148	0.159080
160.107867	794.606206	4690.000000	377.284315	0.202860	0.159080
163.253583	794.606172	5410.000000	377.284331	0.204148	0.159080
162.473888	794.606150	4420.000000	377.284341	0.204148	0.159080
161.602023	794.606129	4300.000000	377.284352	0.204148	0.159080
161.744745	794.606072	3310.000000	377.284379	0.202860	0.159080
161.364451	794.606045	3110.000000	377.284391	0.202860	0.159080
161.947810	794.605992	4500.000000	377.284417	0.204148	0.159080
160.807424	794.605952	2950.000000	377.284435	0.204148	0.159080
160.133374	794.605924	4170.000000	377.284449	0.204148	0.159080
163.673917	794.605896	3570.000000	377.284462	0.202860	0.159080
159.247265	794.605874	4940.000000	377.284472	0.204148	0.159080
161.903822	794.605433	5570.000000	377.284682	0.204148	0.159080
161.670974	794.605233	5330.000000	377.284777	0.204148	0.157793
160.703386	794.605235	6120.000000	377.284776	0.202860	0.159080
160.834567	794.605228	5790.000000	377.284779	0.204148	0.159080
160.907145	794.605209	5950.000000	377.284788	0.204148	0.159080
162.246589	794.605159	6120.000000	377.284812	0.204148	0.159080
161.896315	794.605147	5740.000000	377.284818	0.204148	0.159080
162.225579	794.605126	5710.000000	377.284828	0.202860	0.159080
161.028765	794.605101	5400.000000	377.284840	0.204148	0.159080
162.326401	794.605084	5750.000000	377.284847	0.204148	0.159080
162.410570	794.605043	5990.000000	377.284867	0.202860	0.159080
159.664147	794.605015	5960.000000	377.284880	0.202860	0.159080
161.280794	794.604974	5740.000000	377.284900	0.204148	0.159080
161.340309	794.604954	5610.000000	377.284909	0.204148	0.159080
161.974361	794.604620	5140.000000	377.285068	0.204148	0.159080
161.673342	794.604348	5800.000000	377.285197	0.204148	0.159080
162.730766	794.604307	6020.000000	377.285217	0.202860	0.159080
162.686199	794.604279	5070.000000	377.285230	0.202860	0.159080
161.899760	794.604239	5570.000000	377.285249	0.202860	0.159080
159.399360	794.604206	5880.000000	377.285264	0.204148	0.159080
163.108727	794.604176	5570.000000	377.285279	0.202860	0.159080
165.275290	794.604139	5400.000000	377.285296	0.204148	0.159080
162.024143	794.604109	5930.000000	377.285311	0.202860	0.159080
158.940569	794.604086	5540.000000	377.285321	0.202860	0.159080
163.644939	794.604090	5970.000000	377.285320	0.204148	0.159080
160.712251	794.604110	5590.000000	377.285310	0.204148	0.159080
159.205179	794.604121	6220.000000	377.285305	0.204148	0.159080
159.715409	794.604159	5880.000000	377.285287	0.202860	0.159080
161.719897	794.604178	5610.000000	377.285278	0.202860	0.159080
161.887801	794.604219	5720.000000	377.285258	0.204148	0.159080
162.469554	794.604258	5870.000000	377.285240	0.204148	0.159080
161.225718	794.604286	5580.000000	377.285227	0.204148	0.159080
158.941327	794.604309	5490.000000	377.285215	0.202860	0.159080
163.630740	794.604900	5690.000000	377.284935	0.204148	0.159080
159.384462	794.604921	6050.000000	377.284925	0.202860	0.159080
162.925382	794.604943	5830.000000	377.284914	0.202860	0.159080
159.599915	794.604978	5490.000000	377.284898	0.202860	0.159080
160.345230	794.605001	6090.000000	377.284887	0.202860	0.159080
162.147846	794.605028	5660.000000	377.284874	0.204148	0.157793
161.389497	794.605040	5440.000000	377.284869	0.204148	0.159080
161.156440	794.605074	5650.000000	377.284852	0.204148	0.159080
161.758935	794.605109	5670.000000	377.284836	0.202860	0.159080
160.420944	794.605139	5670.000000	377.284822	0.204148	0.159080
161.477414	794.605165	5310.000000	377.284809	0.204148	0.159080
161.366070	794.605163	5620.000000	377.284810	0.202860	0.159080
161.751768	794.605182	5540.000000	377.284801	0.202860	0.160368
161.971318	794.605212	5690.000000	377.284787	0.202860	0.159080
162.624203	794.605600	5510.000000	377.284603	0.202860	0.159080
163.686445	794.605847	4710.000000	377.284486	0.202860	0.159080
165.136657	794.605876	4080.000000	377.284472	0.202860	0.159080
160.630374	794.605905	4140.000000	377.284458	0.202860	0.159080
159.368697	794.605940	3260.000000	377.284441	0.202860	0.159080
165.235098	794.605956	3340.000000	377.284433	0.204148	0.159080
161.671693	794.605987	4490.000000	377.284419	0.204148	0.159080
162.358245	794.606032	3700.000000	377.284398	0.202860	0.159080
163.473230	794.606081	3050.000000	377.284374	0.202860	0.159080
162.753364	794.606117	4150.000000	377.284357	0.202860	0.159080
159.220796	794.606151	3460.000000	377.284341	0.202860	0.159080
162.018621	794.606171	4070.000000	377.284331	0.204148	0.159080
163.213165	794.606206	5040.000000	377.284315	0.202860	0.159080
161.696872	794.606515	4250.000000	377.284168	0.202860	0.159080
161.482286	794.606749	3960.000000	377.284057	0.202860	0.159080
161.248736	794.606792	4100.000000	377.284036	0.202860	0.159080
162.478249	794.606817	4810.000000	377.284025	0.202860	0.159080
158.887210	794.606831	5050.000000	377.284018	0.204148	0.159080
161.821128	794.606852	4880.000000	377.284008	0.202860	0.159080
162.537890	794.606896	5890.000000	377.283987	0.202860	0.160368
162.391189	794.606916	6590.000000	377.283978	0.202860	0.159080
163.697156	794.606934	6030.000000	377.283969	0.202860	0.159080
162.453213	794.606970	6610.000000	377.283952	0.202860	0.160368
163.298639	794.606989	6120.000000	377.283943	0.202860	0.160368
163.224058	794.607009	5740.000000	377.283933	0.202860	0.160368
163.561831	794.607066	5760.000000	377.283907	0.202860	0.160368
163.308170	794.607086	5750.000000	377.283897	0.204148	0.160368
162.424513	794.607068	5400.000000	377.283906	0.202860	0.159080
162.903659	794.607046	5630.000000	377.283916	0.204148	0.160368
162.347557	794.607031	5790.000000	377.283923	0.202860	0.159080
162.345416	794.606999	6070.000000	377.283938	0.202860	0.159080
163.042028	794.606961	5940.000000	377.283956	0.204148	0.159080
161.190917	794.606933	5870.000000	377.283970	0.204148	0.160368
164.157083	794.606910	6000.000000	377.283981	0.204148	0.159080
162.019700	794.606899	5110.000000	377.283986	0.202860	0.159080
163.935830	794.606873	5320.000000	377.283998	0.202860	0.159080
160.786168	794.606855	5550.000000	377.284007	0.202860	0.159080
165.281059	794.606830	5120.000000	377.284019	0.204148	0.159080
161.424487	794.606790	5490.000000	377.284037	0.202860	0.159080
165.322573	794.606776	5450.000000	377.284044	0.202860	0.159080
161.397998	794.606339	5090.000000	377.284252	0.202860	0.159080
159.651557	794.606228	4650.000000	377.284305	0.204148	0.159080
164.045158	794.606206	4820.000000	377.284315	0.202860	0.159080
160.447486	794.606184	4580.000000	377.284325	0.202860	0.160368
160.350869	794.606151	4790.000000	377.284341	0.202860	0.160368
162.293861	794.606102	4140.000000	377.284364	0.202860	0.159080
161.590729	794.606062	3980.000000	377.284383	0.202860	0.159080
160.231400	794.606016	2470.000000	377.284405	0.204148	0.159080
162.128835	794.605995	2640.000000	377.284415	0.202860	0.160368
163.014029	794.605975	3460.000000	377.284425	0.202860	0.159080
162.263044	794.605934	4260.000000	377.284444	0.202860	0.159080
161.196404	794.605919	4370.000000	377.284451	0.202860	0.160368
163.402661	794.605702	4990.000000	377.284554	0.202860	0.159080
162.660517	794.605274	5600.000000	377.284757	0.202860	0.160368
163.718257	794.605261	5680.000000	377.284764	0.202860	0.160368
160.327568	794.605256	5710.000000	377.284766	0.202860	0.160368
162.131776	794.605231	6020.000000	377.284778	0.202860	0.160368
160.422737	794.605210	5690.000000	377.284788	0.202860	0.159080
162.702346	794.605171	5610.000000	377.284806	0.202860	0.160368
162.610097	794.605128	5710.000000	377.284827	0.202860	0.160368
163.424025	794.605088	5820.000000	377.284846	0.204148	0.160368
158.758442	794.605059	5790.000000	377.284859	0.202860	0.160368
162.944773	794.605042	6100.000000	377.284867	0.202860	0.160368
162.682301	794.605033	5830.000000	377.284872	0.202860	0.160368
159.334060	794.605019	6090.000000	377.284878	0.202860	0.160368
159.815447	794.604999	5890.000000	377.284888	0.202860	0.160368
161.629849	794.604431	6020.000000	377.285157	0.202860	0.160368
161.143833	794.604390	6050.000000	377.285177	0.202860	0.160368
160.421457	794.604344	6490.000000	377.285199	0.202860	0.160368
162.951986	794.604300	5540.000000	377.285220	0.204148	0.160368
159.862064	794.604272	6200.000000	377.285233	0.204148	0.159080
158.209561	794.604232	6120.000000	377.285252	0.202860	0.159080
164.702446	794.604212	5690.000000	377.285262	0.202860	0.160368
163.812135	794.604199	6230.000000	377.285268	0.202860	0.159080
160.395603	794.604166	5860.000000	377.285283	0.202860	0.160368
162.448520	794.604150	5400.000000	377.285291	0.202860	0.160368
159.487448	794.604135	6290.000000	377.285298	0.204148	0.160368
162.929451	794.604155	5630.000000	377.285289	0.204148	0.160368
159.585499	794.604166	6050.000000	377.285284	0.202860	0.160368
162.532811	794.604186	5120.000000	377.285274	0.202860	0.160368
163.001923	794.604231	6170.000000	377.285252	0.202860	0.159080
163.839198	794.604265	6880.000000	377.285236	0.202860	0.160368
162.523259	794.604302	6090.000000	377.285219	0.202860	0.159080
158.885897	794.604337	6250.000000	377.285202	0.202860	0.160368
160.804488	794.604357	6510.000000	377.285193	0.204148	0.160368
163.059052	794.604379	6270.000000	377.285182	0.204148	0.160368
161.414406	794.604417	6010.000000	377.285164	0.204148	0.159080
162.152800	794.604932	5980.000000	377.284920	0.202860	0.160368
159.754772	794.604987	5890.000000	377.284894	0.202860	0.160368
164.471624	794.605014	5730.000000	377.284881	0.202860	0.160368
163.107273	794.605048	6300.000000	377.284865	0.202860	0.160368
159.595828	794.605073	5370.000000	377.284853	0.202860	0.160368
161.813746	794.605113	6850.000000	377.284834	0.204148	0.160368
161.151918	794.605158	5450.000000	377.284812	0.202860	0.160368
161.013148	794.605183	6000.000000	377.284800	0.202860	0.159080
163.538669	794.605209	6060.000000	377.284788	0.202860	0.160368
159.069405	794.605232	6150.000000	377.284777	0.202860	0.160368
163.836842	794.605242	5780.000000	377.284773	0.202860	0.160368
159.920355	794.605268	5920.000000	377.284760	0.202860	0.160368
159.197845	794.605286	5600.000000	377.284752	0.202860	0.160368
162.237104	794.605294	5430.000000	377.284748	0.202860	0.160368
162.585498	794.605318	5790.000000	377.284736	0.202860	0.160368
163.642190	794.605925	5130.000000	377.284448	0.202860	0.160368
162.168346	794.605957	4320.000000	377.284433	0.202860	0.160368
161.098241	794.605986	3610.000000	377.284419	0.202860	0.160368
166.504574	794.606013	3050.000000	377.284407	0.202860	0.160368
161.081747	794.606043	3120.000000	377.284392	0.202860	0.160368
160.907768	794.606065	3500.000000	377.284382	0.202860	0.160368
162.883797	794.606116	3890.000000	377.284358	0.202860	0.160368
159.351770	794.606156	4500.000000	377.284338	0.202860	0.160368
162.208370	794.606182	5010.000000	377.284326	0.202860	0.160368
163.429532	794.606214	5180.000000	377.284311	0.202860	0.160368
162.103701	794.606233	4840.000000	377.284302	0.202860	0.159080
160.814687	794.606262	4890.000000	377.284288	0.202860	0.159080
162.912147	794.606599	5330.000000	377.284128	0.202860	0.160368
162.080882	794.606807	4990.000000	377.284030	0.202860	0.160368
162.289419	794.606859	5130.000000	377.284005	0.202860	0.159080
161.394413	794.606894	5400.000000	377.283988	0.202860	0.159080
162.927554	794.606903	5490.000000	377.283984	0.202860	0.159080
158.847435	794.606919	5780.000000	377.283976	0.202860	0.160368
162.203992	794.606953	5810.000000	377.283960	0.204148	0.159080
162.546137	794.606972	5740.000000	377.283951	0.204148	0.160368
163.517652	794.607014	5420.000000	377.283931	0.202860	0.159080
164.507332	794.607059	5600.000000	377.283910	0.202860	0.159080
162.837861	794.607070	5990.000000	377.283905	0.202860	0.159080
162.440426	794.607090	6040.000000	377.283895	0.202860	0.159080
164.430489	794.607092	5700.000000	377.283894	0.202860	0.160368
162.467007	794.607077	5860.000000	377.283901	0.202860	0.159080
161.453002	794.607080	6190.000000	377.283900	0.202860	0.159080
162.222234	794.607067	6210.000000	377.283906	0.202860	0.159080
162.248380	794.607010	6170.000000	377.283933	0.202860	0.159080
163.174046	794.606988	5940.000000	377.283944	0.202860	0.159080
165.023402	794.606971	5590.000000	377.283952	0.202860	0.159080
164.086722	794.606928	5640.000000	377.283972	0.202860	0.159080
161.597193	794.606912	5320.000000	377.283980	0.202860	0.160368
161.810172	794.606905	5570.000000	377.283983	0.202860	0.160368
166.077468	794.606876	5050.000000	377.283997	0.202860	0.160368
160.405806	794.606832	5900.000000	377.284017	0.202860	0.160368
161.750064	794.606786	4940.000000	377.284039	0.202860	0.160368
162.463601	794.606383	5370.000000	377.284231	0.202860	0.160368
163.361633	794.606285	4660.000000	377.284277	0.204148	0.160368
162.111135	794.606265	5110.000000	377.284287	0.202860	0.160368
162.349315	794.606237	4760.000000	377.284300	0.202860	0.160368
161.240763	794.606207	5200.000000	377.284314	0.202860	0.160368
161.647718	794.606171	4990.000000	377.284331	0.202860	0.160368
161.944945	794.606149	4980.000000	377.284342	0.202860	0.160368
161.875061	794.606119	4230.000000	377.284356	0.202860	0.160368
159.991604	794.606085	3310.000000	377.284373	0.202860	0.160368
161.283890	794.606066	2620.000000	377.284381	0.202860	0.160368
163.896498	794.606015	3040.000000	377.284405	0.202860	0.160368
162.320845	794.605978	3280.000000	377.284423	0.202860	0.159080
160.509193	794.605408	4290.000000	377.284694	0.202860	0.160368
163.335301	794.605392	5180.000000	377.284701	0.202860	0.160368
161.550773	794.605377	5870.000000	377.284709	0.202860	0.160368
160.883313	794.605354	5520.000000	377.284719	0.202860	0.160368
160.064530	794.605336	5760.000000	377.284728	0.202860	0.160368
162.972401	794.605303	5870.000000	377.284744	0.202860	0.160368
161.660942	794.605255	6190.000000	377.284766	0.202860	0.159080
161.698689	794.605237	5550.000000	377.284775	0.202860	0.160368
162.500516	794.605240	6300.000000	377.284774	0.202860	0.159080
158.651309	794.605213	6060.000000	377.284786	0.202860	0.160368
161.162627	794.605162	5820.000000	377.284811	0.202860	0.159080
162.753218	794.605100	5750.000000	377.284840	0.202860	0.160368
161.869708	794.605057	5940.000000	377.284861	0.202860	0.159080
162.790774	794.605029	6160.000000	377.284874	0.202860	0.159080
161.584270	794.604997	6070.000000	377.284889	0.204148	0.159080
161.086287	794.604486	6120.000000	377.285132	0.202860	0.160368
161.923769	794.604442	5950.000000	377.285152	0.202860	0.159080
161.076741	794.604403	5520.000000	377.285171	0.202860	0.160368
161.840291	794.604370	5790.000000	377.285186	0.202860	0.159080
160.593142	794.604345	6400.000000	377.285199	0.202860	0.159080
161.546459	794.604283	6130.000000	377.285228	0.202860	0.159080
160.878280	794.604238	5790.000000	377.285249	0.202860	0.160368
161.972714	794.604200	6540.000000	377.285267	0.202860	0.159080
161.746491	794.604205	5950.000000	377.285265	0.202860	0.159080
160.252025	794.604175	6500.000000	377.285279	0.202860	0.159080
162.267495	794.604144	5640.000000	377.285294	0.202860	0.160368
162.245489	794.604152	6150.000000	377.285290	0.202860	0.159080
162.393483	794.604172	5850.000000	377.285281	0.202860	0.159080
161.405389	794.604200	6310.000000	377.285267	0.202860	0.159080
162.632638	794.604234	6300.000000	377.285251	0.202860	0.160368
161.633560	794.604273	6170.000000	377.285233	0.202860	0.159080
162.913138	794.604279	6120.000000	377.285230	0.202860	0.160368
161.444025	794.604305	6070.000000	377.285218	0.202860	0.160368
162.234384	794.604337	6100.000000	377.285202	0.204148	0.160368
161.284862	794.604366	5410.000000	377.285188	0.202860	0.159080
160.483780	794.604392	5590.000000	377.285176	0.202860	0.159080
162.986842	794.604829	5970.000000	377.284969	0.202860	0.160368
159.843251	794.604912	5870.000000	377.284929	0.202860	0.160368
161.751056	794.605022	6060.000000	377.284877	0.202860	0.160368
162.677805	794.605059	5970.000000	377.284859	0.202860	0.160368
162.077586	794.605099	5940.000000	377.284840	0.202860	0.159080
160.985365	794.605131	6270.000000	377.284825	0.202860	0.160368
160.665075	794.605178	5970.000000	377.284803	0.202860	0.160368
163.295756	794.605212	5650.000000	377.284787	0.202860	0.159080
163.383799	794.605234	5760.000000	377.284776	0.202860	0.160368
163.181154	794.605257	5850.000000	377.284765	0.202860	0.159080
162.239075	794.605288	5580.000000	377.284751	0.202860	0.159080
158.915540	794.605313	5500.000000	377.284739	0.202860	0.159080
161.651022	794.605348	5540.000000	377.284722	0.202860	0.159080
162.498287	794.605364	5360.000000	377.284715	0.202860	0.159080
160.950045	794.605332	6000.000000	377.284730	0.202860	0.159080
162.261529	794.605668	5410.000000	377.284570	0.202860	0.160368
162.177008	794.605974	3840.000000	377.284425	0.202860	0.159080
162.518985	794.605972	3780.000000	377.284426	0.202860	0.159080
164.674657	794.606012	3540.000000	377.284407	0.202860	0.159080
161.976271	794.606053	2800.000000	377.284387	0.202860	0.159080
163.740050	794.606094	3270.000000	377.284368	0.202860	0.159080
162.916389	794.606160	4020.000000	377.284337	0.202860	0.159080
161.688659	794.606161	4050.000000	377.284336	0.202860	0.159080
163.099029	794.606195	4430.000000	377.284320	0.202860	0.160368
163.230233	794.606212	4970.000000	377.284312	0.202860	0.159080
161.735157	794.606242	5360.000000	377.284298	0.202860	0.160368
164.268401	794.606267	4680.000000	377.284286	0.202860	0.160368
163.019427	794.606420	5240.000000	377.284213	0.202860	0.160368
162.575745	794.606807	4330.000000	377.284030	0.202860	0.160368
161.529274	794.606846	4990.000000	377.284011	0.202860	0.159080
163.607158	794.606884	4950.000000	377.283993	0.202860	0.160368
164.699189	794.606898	5530.000000	377.283986	0.202860	0.160368
161.266468	794.606908	5080.000000	377.283981	0.202860	0.159080
162.340826	794.606930	6090.000000	377.283971	0.202860	0.160368
162.176070	794.606995	5580.000000	377.283940	0.202860	0.160368
164.456325	794.607025	5770.000000	377.283926	0.202860	0.159080
162.748239	794.607036	5930.000000	377.283921	0.202860	0.159080
163.489710	794.607093	6070.000000	377.283894	0.202860	0.159080
164.735613	794.607118	5690.000000	377.283882	0.202860	0.159080
163.838349	794.607140	6260.000000	377.283871	0.202860	0.160368
164.097230	794.607148	5940.000000	377.283868	0.202860	0.159080
164.879733	794.607120	6580.000000	377.283881	0.202860	0.160368
163.748488	794.607101	6190.000000	377.283890	0.202860	0.159080
164.085056	794.607072	6010.000000	377.283904	0.202860	0.159080
163.823238	794.607030	7140.000000	377.283924	0.202860	0.159080
163.888343	794.607011	5970.000000	377.283932	0.202860	0.159080
163.646029	794.606991	6390.000000	377.283942	0.202860	0.160368
164.274016	794.606959	6040.000000	377.283957	0.202860	0.159080
164.160180	794.606929	6310.000000	377.283972	0.202860	0.159080
165.533049	794.606905	5420.000000	377.283983	0.202860	0.159080
166.641817	794.606748	5850.000000	377.284057	0.202860	0.159080
164.524004	794.606465	3310.000000	377.284192	0.202860	0.159080
165.506163	794.606334	4200.000000	377.284254	0.202860	0.159080
165.972531	794.606307	5480.000000	377.284267	0.202860	0.159080
164.607801	794.606264	5080.000000	377.284287	0.202860	0.159080
166.213524	794.606246	5220.000000	377.284296	0.202860	0.159080
164.356451	794.606225	5330.000000	377.284306	0.202860	0.159080
166.801006	794.606202	5060.000000	377.284317	0.202860	0.159080
165.981201	794.606160	5310.000000	377.284337	0.202860	0.160368
166.846098	794.606109	4960.000000	377.284361	0.202860	0.160368
165.050023	794.606070	4230.000000	377.284379	0.202860	0.160368
166.086271	794.606028	4470.000000	377.284399	0.202860	0.160368
168.632630	794.606008	4220.000000	377.284409	0.202860	0.159080
165.865064	794.605870	3460.000000	377.284474	0.202860	0.159080
165.747389	794.605706	3650.000000	377.284552	0.202860	0.159080
166.444257	794.605348	4310.000000	377.284722	0.202860	0.159080
167.396045	794.605327	5320.000000	377.284732	0.202860	0.159080
165.191253	794.605315	5190.000000	377.284738	0.202860	0.159080
163.358652	794.605301	5550.000000	377.284745	0.202860	0.159080
163.249907	794.605269	6460.000000	377.284760	0.202860	0.159080
165.096704	794.605233	6290.000000	377.284777	0.202860	0.160368
166.247615	794.605194	6740.000000	377.284796	0.202860	0.159080
166.459748	794.605187	6510.000000	377.284799	0.202860	0.159080
166.956811	794.605134	5560.000000	377.284824	0.202860	0.160368
166.748666	794.605101	6320.000000	377.284840	0.202860	0.160368
166.304935	794.605087	6330.000000	377.284846	0.202860	0.159080
165.215250	794.605051	6400.000000	377.284863	0.202860	0.160368
166.229037	794.605020	6250.000000	377.284878	0.202860	0.160368
163.111333	794.604997	6200.000000	377.284889	0.202860	0.159080
164.969649	794.604475	6670.000000	377.285137	0.202860	0.160368
164.920289	794.604406	6790.000000	377.285170	0.202860	0.159080
163.887792	794.604373	6430.000000	377.285185	0.202860	0.160368
162.652498	794.604314	5640.000000	377.285213	0.202860	0.159080
165.938489	794.604294	6520.000000	377.285223	0.202860	0.159080
166.412377	794.604255	6360.000000	377.285241	0.202860	0.159080
165.411568	794.604207	6300.000000	377.285264	0.202860	0.159080
164.696833	794.604207	6210.000000	377.285264	0.202860	0.159080
165.218206	794.604166	6510.000000	377.285284	0.202860	0.159080
166.701222	794.604134	6710.000000	377.285299	0.202860	0.159080
167.070682	794.604111	6480.000000	377.285309	0.202860	0.156505
164.865569	794.604130	6680.000000	377.285300	0.202860	0.160368
165.989699	794.604160	6550.000000	377.285286	0.202860	0.160368
163.592585	794.604173	6180.000000	377.285280	0.202860	0.160368
166.178370	794.604189	6470.000000	377.285272	0.202860	0.159080
165.827096	794.604203	5740.000000	377.285266	0.202860	0.159080
163.988277	794.604246	6510.000000	377.285246	0.202860	0.160368
164.711621	794.604287	6280.000000	377.285226	0.202860	0.159080
167.548785	794.604320	6470.000000	377.285210	0.204148	0.160368
164.289661	794.604359	6160.000000	377.285192	0.202860	0.159080
163.663803	794.604391	6540.000000	377.285177	0.202860	0.160368
165.535529	794.604420	6190.000000	377.285163	0.202860	0.160368
163.308093	794.604987	6130.000000	377.284894	0.202860	0.159080
164.310439	794.605021	5850.000000	377.284878	0.202860	0.160368
165.281332	794.605049	6290.000000	377.284864	0.202860	0.159080
166.882025	794.605082	6330.000000	377.284849	0.202860	0.159080
165.113734	794.605100	6100.000000	377.284840	0.202860	0.159080
166.896496	794.605122	6450.000000	377.284830	0.202860	0.159080
165.433123	794.605170	5680.000000	377.284807	0.202860	0.159080
165.636795	794.605213	5880.000000	377.284787	0.202860	0.160368
167.230755	794.605244	6160.000000	377.284771	0.202860	0.160368
165.479903	794.605264	6330.000000	377.284762	0.202860	0.159080
165.077721	794.605278	6230.000000	377.284756	0.202860	0.159080
164.769160	794.605302	5750.000000	377.284744	0.202860	0.159080
165.733030	794.605322	5780.000000	377.284735	0.202860	0.160368
165.807890	794.605331	6020.000000	377.284730	0.202860	0.160368
167.717520	794.605545	4980.000000	377.284628	0.202860	0.160368
168.332987	794.605931	3010.000000	377.284445	0.202860	0.159080
169.026168	794.605997	3940.000000	377.284414	0.202860	0.160368
164.125656	794.606015	3570.000000	377.284405	0.202860	0.159080
166.260022	794.606043	4190.000000	377.284392	0.202860	0.159080
167.690408	794.606063	4170.000000	377.284383	0.202860	0.159080
164.709087	794.606079	4740.000000	377.284375	0.202860	0.159080
166.534670	794.606123	4880.000000	377.284354	0.202860	0.159080
165.128584	794.606158	4880.000000	377.284338	0.202860	0.159080
166.553146	794.606197	5060.000000	377.284319	0.202860	0.159080
165.726806	794.606234	5270.000000	377.284301	0.202860	0.159080
166.045357	794.606264	4980.000000	377.284287	0.202860	0.159080
166.482250	794.606346	5110.000000	377.284248	0.202860	0.159080
166.647836	794.606760	5270.000000	377.284052	0.202860	0.159080
168.772750	794.606849	6060.000000	377.284010	0.202860	0.160368
167.718157	794.606872	6300.000000	377.283999	0.202860	0.159080
165.831218	794.606898	5930.000000	377.283986	0.202860	0.159080
168.059155	794.606917	5940.000000	377.283977	0.202860	0.160368
167.231482	794.606939	6060.000000	377.283967	0.202860	0.159080
167.368992	794.606972	6590.000000	377.283951	0.202860	0.159080
165.965747	794.606991	6350.000000	377.283942	0.202860	0.159080
167.588712	794.607025	5600.000000	377.283926	0.202860	0.159080
166.441984	794.607042	6480.000000	377.283918	0.202860	0.160368
167.217778	794.607050	5930.000000	377.283914	0.202860	0.160368
166.276024	794.607047	6310.000000	377.283916	0.202860	0.160368
164.415644	794.607027	6720.000000	377.283925	0.202860	0.160368
164.348188	794.607011	6090.000000	377.283933	0.202860	0.160368
164.177247	794.606992	6650.000000	377.283942	0.202860	0.160368
163.528602	794.606985	6230.000000	377.283945	0.202860	0.160368
163.162506	794.606974	6310.000000	377.283950	0.202860	0.160368
162.275969	794.606963	6140.000000	377.283955	0.202860	0.159080
