234.279498	822.468642	0.000000	364.503207	-0.001874
234.070371	822.468650	3180.000000	364.503204	-0.000587
233.779649	822.468682	3110.000000	364.503190	-0.000587
235.706186	822.468708	3196.000000	364.503178	-0.001874
232.839578	822.468724	3178.000000	364.503171	-0.001874
232.407529	822.468746	3192.000000	364.503161	-0.001874
234.898266	822.468776	3144.000000	364.503148	-0.001874
234.274684	822.468815	2980.000000	364.503131	-0.001874
233.859884	822.468862	2942.000000	364.503110	-0.000587
232.932395	822.468897	3028.000000	364.503094	-0.001874
231.780850	822.468946	2592.000000	364.503073	-0.000587
233.557343	822.468976	2546.000000	364.503059	-0.001874
233.224957	822.468998	2288.000000	364.503050	-0.001874
233.688562	822.469012	2270.000000	364.503043	-0.001874
231.820060	822.469031	2286.000000	364.503035	-0.001874
234.204122	822.469053	2076.000000	364.503025	-0.001874
230.574626	822.469081	2080.000000	364.503013	-0.000587
231.746867	822.469111	1798.000000	364.503000	-0.000587
230.371242	822.469162	1804.000000	364.502977	-0.000587
230.756054	822.469220	1550.000000	364.502951	-0.001874
229.847451	822.469260	1340.000000	364.502934	-0.001874
231.976029	822.469286	1154.000000	364.502922	-0.001874
227.569488	822.469299	1130.000000	364.502916	-0.000587
232.771109	822.469319	1010.000000	364.502907	-0.001874
232.803150	822.469334	916.000000	364.502901	-0.001874
227.758141	822.469352	956.000000	364.502893	-0.001874
232.429099	822.469374	870.000000	364.502883	-0.001874
234.861750	822.469392	700.000000	364.502875	-0.000587
230.490160	822.469448	672.000000	364.502850	-0.001874
229.817892	822.469516	502.000000	364.502820	-0.001874
230.932553	822.469572	492.000000	364.502795	-0.000587
229.811177	822.469600	376.000000	364.502783	-0.001874
228.805545	822.469608	340.000000	364.502779	-0.001874
230.366826	822.469633	298.000000	364.502768	-0.001874
228.792308	822.469646	360.000000	364.502763	-0.001874
231.504927	822.469667	426.000000	364.502753	-0.000587
230.591626	822.469687	278.000000	364.502744	-0.001874
228.807858	822.469719	280.000000	364.502730	-0.000587
229.382738	822.469791	332.000000	364.502698	-0.000587
228.916335	822.469853	200.000000	364.502671	-0.000587
230.796671	822.469899	168.000000	364.502650	-0.001874
228.892582	822.469918	132.000000	364.502642	-0.001874
231.591030	822.469935	152.000000	364.502634	-0.000587
228.177928	822.469959	146.000000	364.502624	-0.001874
229.973965	822.469966	138.000000	364.502621	-0.001874
228.749968	822.469988	154.000000	364.502611	-0.001874
228.607223	822.470011	138.000000	364.502601	-0.001874
228.836565	822.470044	140.000000	364.502586	-0.001874
227.887620	822.470096	118.000000	364.502563	-0.000587
227.908286	822.470173	142.000000	364.502529	-0.001874
228.289550	822.470207	130.000000	364.502514	-0.001874
229.938571	822.470179	156.000000	364.502526	-0.001874
230.204340	822.470099	126.000000	364.502562	-0.001874
228.069954	822.470051	118.000000	364.502583	-0.001874
231.288842	822.470027	166.000000	364.502594	-0.000587
226.776324	822.470010	130.000000	364.502601	-0.001874
226.244221	822.470006	166.000000	364.502603	-0.001874
232.072945	822.469984	158.000000	364.502612	-0.001874
226.481202	822.469961	112.000000	364.502623	-0.001874
225.914220	822.469909	152.000000	364.502646	-0.001874
226.366541	822.469909	138.000000	364.502646	-0.001874
231.781450	822.469889	122.000000	364.502655	-0.000587
229.594407	822.469863	156.000000	364.502666	-0.000587
229.548962	822.469817	182.000000	364.502686	-0.001874
229.793767	822.469740	194.000000	364.502721	-0.001874
229.527832	822.469684	240.000000	364.502746	-0.001874
229.360464	822.469651	240.000000	364.502760	-0.000587
232.613120	822.469632	318.000000	364.502769	-0.001874
230.229030	822.469615	272.000000	364.502776	-0.000587
227.344961	822.469597	294.000000	364.502784	-0.001874
230.651567	822.469579	406.000000	364.502792	-0.001874
230.571942	822.469561	378.000000	364.502800	-0.001874
229.419104	822.469524	502.000000	364.502817	-0.001874
230.177457	822.469460	540.000000	364.502845	-0.001874
230.353231	822.469397	606.000000	364.502873	-0.001874
232.305892	822.469354	784.000000	364.502892	-0.001874
228.973357	822.469331	790.000000	364.502902	-0.001874
236.114140	822.469316	948.000000	364.502909	-0.000587
233.176649	822.469301	930.000000	364.502915	-0.001874
228.744069	822.469284	1024.000000	364.502923	-0.001874
231.535884	822.469263	1068.000000	364.502932	-0.001874
233.148761	822.469252	1192.000000	364.502937	-0.000587
230.007946	822.469219	1312.000000	364.502952	-0.001874
230.568227	822.469179	1414.000000	364.502969	-0.001874
232.908910	822.469129	1516.000000	364.502992	-0.001874
232.426637	822.469073	1714.000000	364.503016	-0.000587
231.889803	822.469038	1890.000000	364.503032	-0.001874
231.701685	822.469016	2158.000000	364.503042	-0.001874
231.881636	822.468989	2292.000000	364.503054	-0.000587
231.136412	822.468968	2354.000000	364.503063	-0.001874
234.330849	822.468951	2388.000000	364.503071	-0.000587
234.328848	822.468929	2546.000000	364.503080	-0.001874
232.115027	822.468898	2610.000000	364.503094	-0.001874
233.491405	822.468849	2760.000000	364.503116	-0.001874
232.364346	822.468800	2748.000000	364.503138	-0.001874
233.677636	822.468758	3002.000000	364.503156	-0.001874
232.984173	822.468730	3030.000000	364.503168	-0.001874
232.575953	822.468714	3142.000000	364.503176	-0.000587
235.449379	822.468691	3192.000000	364.503186	-0.000587
231.965668	822.468665	3138.000000	364.503197	-0.001874
232.775612	822.468633	3152.000000	364.503211	-0.000587
233.547694	822.468593	3122.000000	364.503229	-0.001874
233.118974	822.468540	3056.000000	364.503253	-0.001874
234.260903	822.468498	3000.000000	364.503271	-0.001874
234.612483	822.468462	2832.000000	364.503287	-0.001874
233.288887	822.468429	2662.000000	364.503302	-0.001874
235.487609	822.468403	2622.000000	364.503313	-0.000587
232.162394	822.468382	2536.000000	364.503323	-0.001874
234.419183	822.468358	2368.000000	364.503333	-0.000587
235.386544	822.468323	2188.000000	364.503349	-0.001874
234.822000	822.468295	1992.000000	364.503361	-0.000587
234.752573	822.468254	1966.000000	364.503379	-0.001874
235.266273	822.468211	1976.000000	364.503399	-0.001874
235.521399	822.468170	1592.000000	364.503417	-0.001874
235.896949	822.468137	1448.000000	364.503431	-0.001874
236.302483	822.468105	1348.000000	364.503445	-0.001874
236.154578	822.468080	1220.000000	364.503456	-0.000587
235.382779	822.468059	1098.000000	364.503466	-0.001874
235.460088	822.468026	1066.000000	364.503480	-0.001874
237.121634	822.467999	942.000000	364.503492	-0.001874
235.173831	822.467979	866.000000	364.503501	-0.000587
234.946309	822.467939	818.000000	364.503519	-0.001874
236.575832	822.467895	632.000000	364.503539	-0.001874
238.093469	822.467846	594.000000	364.503560	-0.000587
239.046769	822.467810	482.000000	364.503576	-0.000587
239.610185	822.467776	470.000000	364.503591	-0.001874
238.331072	822.467752	354.000000	364.503602	-0.001874
239.764385	822.467739	378.000000	364.503608	-0.001874
239.155536	822.467719	420.000000	364.503616	-0.001874
240.108441	822.467710	256.000000	364.503620	-0.001874
237.690489	822.467672	326.000000	364.503637	-0.001874
238.609257	822.467627	236.000000	364.503657	-0.001874
239.683493	822.467587	218.000000	364.503675	-0.001874
242.659528	822.467546	220.000000	364.503693	-0.001874
243.362305	822.467513	154.000000	364.503708	-0.001874
245.535576	822.467483	184.000000	364.503721	-0.001874
244.475630	822.467450	168.000000	364.503736	-0.000587
244.513546	822.467422	188.000000	364.503748	-0.001874
243.715743	822.467407	178.000000	364.503755	-0.001874
241.121355	822.467392	158.000000	364.503761	-0.000587
243.550162	822.467364	176.000000	364.503774	-0.001874
242.260034	822.467342	166.000000	364.503783	-0.001874
244.079191	822.467315	142.000000	364.503795	-0.001874
245.994378	822.467281	130.000000	364.503811	-0.001874
247.242723	822.467251	128.000000	364.503824	-0.000587
247.642204	822.467220	110.000000	364.503838	-0.000587
249.027820	822.467198	130.000000	364.503848	-0.001874
248.012287	822.467159	116.000000	364.503865	-0.001874
247.987026	822.467144	82.000000	364.503871	-0.001874
250.282322	822.467133	122.000000	364.503876	-0.001874
247.911242	822.467097	104.000000	364.503892	-0.000587
246.024296	822.467106	114.000000	364.503888	-0.001874
247.047171	822.467134	120.000000	364.503876	-0.001874
249.155747	822.467158	126.000000	364.503865	-0.001874
248.518625	822.467196	144.000000	364.503848	-0.001874
248.049269	822.467208	98.000000	364.503843	-0.001874
247.779248	822.467232	148.000000	364.503832	-0.000587
246.245306	822.467269	90.000000	364.503816	-0.001874
244.826233	822.467306	118.000000	364.503800	-0.000587
243.441892	822.467340	110.000000	364.503785	-0.000587
243.782160	822.467360	110.000000	364.503776	-0.000587
242.872565	822.467380	154.000000	364.503767	-0.000587
243.268130	822.467413	134.000000	364.503752	-0.000587
242.697338	822.467436	128.000000	364.503742	-0.001874
244.129041	822.467457	128.000000	364.503732	-0.001874
243.848909	822.467480	126.000000	364.503722	-0.001874
243.853357	822.467524	154.000000	364.503703	-0.001874
246.205113	822.467557	198.000000	364.503688	-0.000587
242.896775	822.467601	220.000000	364.503669	-0.000587
240.279092	822.467629	236.000000	364.503657	-0.001874
238.895566	822.467674	254.000000	364.503636	-0.001874
237.071324	822.467707	348.000000	364.503622	-0.000587
236.255828	822.467744	298.000000	364.503605	-0.001874
239.775169	822.467759	370.000000	364.503599	-0.001874
236.650800	822.467775	442.000000	364.503592	-0.001874
238.713767	822.467790	412.000000	364.503585	-0.000587
238.068202	822.467813	400.000000	364.503575	-0.000587
237.766292	822.467853	430.000000	364.503557	-0.001874
237.257398	822.467886	498.000000	364.503542	-0.000587
237.226279	822.467921	552.000000	364.503527	-0.001874
235.605475	822.467964	734.000000	364.503508	-0.001874
236.982098	822.468001	842.000000	364.503492	-0.000587
235.317388	822.468040	862.000000	364.503474	-0.000587
235.340635	822.468059	970.000000	364.503466	-0.000587
237.737003	822.468077	1182.000000	364.503458	-0.000587
235.540555	822.468106	1152.000000	364.503445	-0.001874
234.613633	822.468140	1310.000000	364.503430	-0.000587
236.354825	822.468161	1412.000000	364.503420	-0.000587
235.242714	822.468182	1540.000000	364.503411	-0.001874
233.927189	822.468231	1504.000000	364.503389	-0.001874
235.898197	822.468272	1618.000000	364.503372	-0.000587
234.296366	822.468315	2006.000000	364.503352	-0.001874
233.422886	822.468348	2154.000000	364.503338	-0.001874
234.884662	822.468382	2306.000000	364.503322	-0.001874
234.606221	822.468423	2548.000000	364.503304	-0.001874
234.141920	822.468443	2528.000000	364.503296	-0.001874
234.975651	822.468464	2724.000000	364.503286	-0.001874
233.109525	822.468488	2886.000000	364.503275	-0.000587
233.329807	822.468529	2770.000000	364.503257	-0.001874
232.546551	822.468569	2968.000000	364.503240	-0.000587
233.161161	822.468613	3042.000000	364.503220	-0.000587
233.283983	822.468663	2988.000000	364.503198	-0.001874
236.438080	822.468707	3168.000000	364.503179	-0.001874
231.302474	822.468740	3040.000000	364.503164	-0.001874
235.081985	822.468752	3340.000000	364.503159	-0.001874
233.134356	822.468773	3218.000000	364.503149	-0.001874
233.228693	822.468799	2928.000000	364.503138	-0.000587
232.314647	822.468841	2988.000000	364.503119	-0.000587
231.941884	822.468899	2776.000000	364.503093	-0.001874
231.698366	822.468938	2630.000000	364.503076	-0.000587
231.792977	822.468981	2360.000000	364.503057	-0.001874
234.156508	822.469016	2170.000000	364.503042	-0.001874
230.251830	822.469033	2288.000000	364.503034	-0.001874
231.526220	822.469047	2156.000000	364.503028	-0.001874
230.952767	822.469064	1952.000000	364.503021	-0.001874
232.568292	822.469089	1964.000000	364.503009	-0.001874
231.531125	822.469113	1804.000000	364.502999	-0.001874
231.735709	822.469152	1730.000000	364.502981	-0.001874
231.209687	822.469210	1542.000000	364.502956	-0.001874
230.724498	822.469275	1362.000000	364.502927	-0.001874
230.494767	822.469315	1100.000000	364.502909	-0.001874
228.298532	822.469336	958.000000	364.502900	-0.001874
231.366850	822.469348	818.000000	364.502894	-0.001874
233.596983	822.469367	786.000000	364.502886	-0.001874
226.863401	822.469382	750.000000	364.502880	-0.001874
233.545134	822.469401	812.000000	364.502871	-0.001874
228.116667	822.469414	780.000000	364.502865	-0.001874
232.304270	822.469437	686.000000	364.502855	-0.001874
231.394936	822.469486	674.000000	364.502833	-0.001874
229.319384	822.469563	426.000000	364.502799	-0.001874
228.069204	822.469625	364.000000	364.502772	-0.000587
230.018045	822.469653	338.000000	364.502759	-0.001874
230.014402	822.469669	286.000000	364.502752	-0.000587
227.710375	822.469691	270.000000	364.502743	-0.000587
231.516993	822.469711	234.000000	364.502734	-0.000587
227.233364	822.469720	226.000000	364.502730	-0.000587
231.105103	822.469737	232.000000	364.502722	-0.001874
226.767645	822.469767	230.000000	364.502709	-0.001874
228.251842	822.469851	228.000000	364.502672	-0.001874
228.416819	822.469913	146.000000	364.502644	-0.000587
229.675563	822.469960	134.000000	364.502623	-0.001874
224.575971	822.469986	148.000000	364.502612	-0.001874
229.385371	822.470001	168.000000	364.502605	-0.001874
226.248398	822.470017	132.000000	364.502598	-0.001874
227.039514	822.470029	156.000000	364.502593	-0.000587
231.583929	822.470049	140.000000	364.502584	-0.000587
225.227355	822.470067	122.000000	364.502576	-0.000587
228.781739	822.470089	146.000000	364.502566	-0.001874
226.623144	822.470139	106.000000	364.502544	-0.000587
226.603298	822.470198	118.000000	364.502518	-0.001874
226.981555	822.470265	154.000000	364.502488	-0.001874
225.839495	822.470230	96.000000	364.502504	-0.000587
228.928027	822.470153	118.000000	364.502538	-0.001874
